,time,359,404,807,852,874,830,382,897,875,360,427,808,853,405,898,831,383,876,428,361,854,406,899,384,832,877,429,362,855,407,900,385
0,0,61.07622842687189,56.37675583262952,41.68963100908435,66.60883618746729,41.974012669604775,0.0,0.0,0.0,0.0,0.0,0.0,0.0,0.0,0.0,0.0,0.0,0.0,0.0,0.0,0.0,0.0,0.0,0.0,0.0,0.0,0.0,0.0,0.0,0.0,0.0,0.0,0.0
1,1,95.01224875632295,50.891724455013346,43.78944790189487,82.2292672268155,61.74993661389023,0.0,0.0,0.0,0.0,0.0,0.0,0.0,0.0,0.0,0.0,0.0,0.0,0.0,0.0,0.0,0.0,0.0,0.0,0.0,0.0,0.0,0.0,0.0,0.0,0.0,0.0,0.0
2,2,66.32054524594966,69.63503820469958,49.23627896840291,84.20961759668072,55.96560607245493,0.0,0.0,0.0,0.0,0.0,0.0,0.0,0.0,0.0,0.0,0.0,0.0,0.0,0.0,0.0,0.0,0.0,0.0,0.0,0.0,0.0,0.0,0.0,0.0,0.0,0.0,0.0
3,3,74.89494713775365,61.96356328185634,46.127462324816406,62.21922233095442,52.07567911636837,0.0,0.0,0.0,0.0,0.0,0.0,0.0,0.0,0.0,0.0,0.0,0.0,0.0,0.0,0.0,0.0,0.0,0.0,0.0,0.0,0.0,0.0,0.0,0.0,0.0,0.0,0.0
4,4,73.31453524110636,65.41899775162777,39.50523102876494,64.38085403826979,64.21143625212318,0.0,0.0,0.0,0.0,0.0,0.0,0.0,0.0,0.0,0.0,0.0,0.0,0.0,0.0,0.0,0.0,0.0,0.0,0.0,0.0,0.0,0.0,0.0,0.0,0.0,0.0,0.0
5,5,78.81065533368965,60.299217083230275,48.78428496801253,72.40681323427478,54.81278798940801,0.0,0.0,0.0,0.0,0.0,0.0,0.0,0.0,0.0,0.0,0.0,0.0,0.0,0.0,0.0,0.0,0.0,0.0,0.0,0.0,0.0,0.0,0.0,0.0,0.0,0.0,0.0
6,6,89.20826984435783,55.70792121707462,45.36586700008975,67.67062825617185,58.66239475519766,0.0,0.0,0.0,0.0,0.0,0.0,0.0,0.0,0.0,0.0,0.0,0.0,0.0,0.0,0.0,0.0,0.0,0.0,0.0,0.0,0.0,0.0,0.0,0.0,0.0,0.0,0.0
7,7,69.6928944677053,72.39403285963091,0.0,69.37651632735471,71.29922404428314,0.0,0.0,0.0,0.0,0.0,0.0,0.0,0.0,0.0,0.0,0.0,0.0,0.0,0.0,0.0,0.0,0.0,0.0,0.0,0.0,0.0,0.0,0.0,0.0,0.0,0.0,0.0
8,8,74.59697982225012,61.88405476362089,0.0,84.32645966610727,42.4172445037881,0.0,0.0,0.0,0.0,0.0,0.0,0.0,0.0,0.0,0.0,0.0,0.0,0.0,0.0,0.0,0.0,0.0,0.0,0.0,0.0,0.0,0.0,0.0,0.0,0.0,0.0,0.0
9,9,67.13468780112018,69.36450529406603,0.0,64.95685744776698,43.4876456043833,0.0,0.0,0.0,0.0,0.0,0.0,0.0,0.0,0.0,0.0,0.0,0.0,0.0,0.0,0.0,0.0,0.0,0.0,0.0,0.0,0.0,0.0,0.0,0.0,0.0,0.0,0.0
10,10,60.911064512735884,53.08471976577948,0.0,72.99613008820901,52.399709263480986,0.0,0.0,0.0,0.0,0.0,0.0,0.0,0.0,0.0,0.0,0.0,0.0,0.0,0.0,0.0,0.0,0.0,0.0,0.0,0.0,0.0,0.0,0.0,0.0,0.0,0.0,0.0
11,11,60.725308791868336,53.10408769362756,0.0,77.0326620749474,51.86169275557617,0.0,0.0,0.0,0.0,0.0,0.0,0.0,0.0,0.0,0.0,0.0,0.0,0.0,0.0,0.0,0.0,0.0,0.0,0.0,0.0,0.0,0.0,0.0,0.0,0.0,0.0,0.0
12,12,67.55407011393308,66.55731022638714,0.0,67.12027276277135,50.14703417567706,0.0,0.0,0.0,0.0,0.0,0.0,0.0,0.0,0.0,0.0,0.0,0.0,0.0,0.0,0.0,0.0,0.0,0.0,0.0,0.0,0.0,0.0,0.0,0.0,0.0,0.0,0.0
13,13,75.45498330654071,69.33913557561682,0.0,86.71723580308529,51.997268836549424,0.0,0.0,0.0,0.0,0.0,0.0,0.0,0.0,0.0,0.0,0.0,0.0,0.0,0.0,0.0,0.0,0.0,0.0,0.0,0.0,0.0,0.0,0.0,0.0,0.0,0.0,0.0
14,14,67.42899374909526,62.81367253174238,0.0,75.31576030225139,56.40734276446417,0.0,0.0,0.0,0.0,0.0,0.0,0.0,0.0,0.0,0.0,0.0,0.0,0.0,0.0,0.0,0.0,0.0,0.0,0.0,0.0,0.0,0.0,0.0,0.0,0.0,0.0,0.0
15,15,79.01948427106734,59.142084937328065,0.0,85.01821349264807,56.36211963834158,0.0,0.0,0.0,0.0,0.0,0.0,0.0,0.0,0.0,0.0,0.0,0.0,0.0,0.0,0.0,0.0,0.0,0.0,0.0,0.0,0.0,0.0,0.0,0.0,0.0,0.0,0.0
16,16,63.743794140455535,59.295790734595144,0.0,76.17929453063554,47.88158221311055,0.0,0.0,0.0,0.0,0.0,0.0,0.0,0.0,0.0,0.0,0.0,0.0,0.0,0.0,0.0,0.0,0.0,0.0,0.0,0.0,0.0,0.0,0.0,0.0,0.0,0.0,0.0
17,17,69.04696210666535,71.69157648133722,0.0,75.80058229683688,0.0,0.0,0.0,0.0,0.0,0.0,0.0,0.0,0.0,0.0,0.0,0.0,0.0,0.0,0.0,0.0,0.0,0.0,0.0,0.0,0.0,0.0,0.0,0.0,0.0,0.0,0.0,0.0
18,18,71.94917525064878,54.05575630393919,0.0,83.72624452792732,0.0,0.0,0.0,0.0,0.0,0.0,0.0,0.0,0.0,0.0,0.0,0.0,0.0,0.0,0.0,0.0,0.0,0.0,0.0,0.0,0.0,0.0,0.0,0.0,0.0,0.0,0.0,0.0
19,19,62.69035558968828,66.93797783569069,0.0,84.72261903495118,0.0,0.0,0.0,0.0,0.0,0.0,0.0,0.0,0.0,0.0,0.0,0.0,0.0,0.0,0.0,0.0,0.0,0.0,0.0,0.0,0.0,0.0,0.0,0.0,0.0,0.0,0.0,0.0
20,20,66.02906470362625,57.846839438386574,0.0,79.6472662860692,0.0,0.0,0.0,0.0,0.0,0.0,0.0,0.0,0.0,0.0,0.0,0.0,0.0,0.0,0.0,0.0,0.0,0.0,0.0,0.0,0.0,0.0,0.0,0.0,0.0,0.0,0.0,0.0
21,21,72.1709886077491,67.23826844637415,0.0,76.53472631486241,0.0,0.0,0.0,0.0,0.0,0.0,0.0,0.0,0.0,0.0,0.0,0.0,0.0,0.0,0.0,0.0,0.0,0.0,0.0,0.0,0.0,0.0,0.0,0.0,0.0,0.0,0.0,0.0
22,22,68.13469321743423,55.18882910635839,0.0,90.45953032558793,0.0,0.0,0.0,0.0,0.0,0.0,0.0,0.0,0.0,0.0,0.0,0.0,0.0,0.0,0.0,0.0,0.0,0.0,0.0,0.0,0.0,0.0,0.0,0.0,0.0,0.0,0.0,0.0
23,23,63.228771197720434,53.55558595017281,0.0,78.40313843884157,0.0,0.0,0.0,0.0,0.0,0.0,0.0,0.0,0.0,0.0,0.0,0.0,0.0,0.0,0.0,0.0,0.0,0.0,0.0,0.0,0.0,0.0,0.0,0.0,0.0,0.0,0.0,0.0
24,24,62.89693982953419,73.28540580833906,0.0,63.25741938124159,0.0,0.0,0.0,0.0,0.0,0.0,0.0,0.0,0.0,0.0,0.0,0.0,0.0,0.0,0.0,0.0,0.0,0.0,0.0,0.0,0.0,0.0,0.0,0.0,0.0,0.0,0.0,0.0
25,25,62.604327335630884,51.275267219606455,0.0,76.61915518764214,0.0,0.0,0.0,0.0,0.0,0.0,0.0,0.0,0.0,0.0,0.0,0.0,0.0,0.0,0.0,0.0,0.0,0.0,0.0,0.0,0.0,0.0,0.0,0.0,0.0,0.0,0.0,0.0
26,26,66.44994379840666,60.764040446614395,0.0,95.83614857389264,0.0,0.0,0.0,0.0,0.0,0.0,0.0,0.0,0.0,0.0,0.0,0.0,0.0,0.0,0.0,0.0,0.0,0.0,0.0,0.0,0.0,0.0,0.0,0.0,0.0,0.0,0.0,0.0
27,27,64.24886607789047,61.27702412496854,0.0,82.37507694899037,0.0,0.0,0.0,0.0,0.0,0.0,0.0,0.0,0.0,0.0,0.0,0.0,0.0,0.0,0.0,0.0,0.0,0.0,0.0,0.0,0.0,0.0,0.0,0.0,0.0,0.0,0.0,0.0
28,28,54.52891314577709,69.64353735952298,0.0,87.30349456825185,0.0,0.0,0.0,0.0,0.0,0.0,0.0,0.0,0.0,0.0,0.0,0.0,0.0,0.0,0.0,0.0,0.0,0.0,0.0,0.0,0.0,0.0,0.0,0.0,0.0,0.0,0.0,0.0
29,29,58.77171597291701,51.246880849936204,0.0,79.46529765932641,0.0,0.0,0.0,0.0,0.0,0.0,0.0,0.0,0.0,0.0,0.0,0.0,0.0,0.0,0.0,0.0,0.0,0.0,0.0,0.0,0.0,0.0,0.0,0.0,0.0,0.0,0.0,0.0
30,30,59.530568246308825,80.08053554694179,0.0,72.24890474982209,0.0,0.0,0.0,0.0,0.0,0.0,0.0,0.0,0.0,0.0,0.0,0.0,0.0,0.0,0.0,0.0,0.0,0.0,0.0,0.0,0.0,0.0,0.0,0.0,0.0,0.0,0.0,0.0
31,31,62.073175583011405,65.32963921776206,0.0,91.04239313038465,0.0,0.0,0.0,0.0,0.0,0.0,0.0,0.0,0.0,0.0,0.0,0.0,0.0,0.0,0.0,0.0,0.0,0.0,0.0,0.0,0.0,0.0,0.0,0.0,0.0,0.0,0.0,0.0
32,32,66.55902250724927,62.38904773547903,0.0,71.22744319638359,0.0,0.0,0.0,0.0,0.0,0.0,0.0,0.0,0.0,0.0,0.0,0.0,0.0,0.0,0.0,0.0,0.0,0.0,0.0,0.0,0.0,0.0,0.0,0.0,0.0,0.0,0.0,0.0
33,33,60.191971854997846,56.671007423223706,0.0,80.94823948704801,0.0,0.0,0.0,0.0,0.0,0.0,0.0,0.0,0.0,0.0,0.0,0.0,0.0,0.0,0.0,0.0,0.0,0.0,0.0,0.0,0.0,0.0,0.0,0.0,0.0,0.0,0.0,0.0
34,34,46.04735227530689,66.90373901634062,0.0,88.4591133401502,0.0,0.0,0.0,0.0,0.0,0.0,0.0,0.0,0.0,0.0,0.0,0.0,0.0,0.0,0.0,0.0,0.0,0.0,0.0,0.0,0.0,0.0,0.0,0.0,0.0,0.0,0.0,0.0
35,35,71.63057379959534,74.70770160404699,0.0,98.10084624706903,0.0,0.0,0.0,0.0,0.0,0.0,0.0,0.0,0.0,0.0,0.0,0.0,0.0,0.0,0.0,0.0,0.0,0.0,0.0,0.0,0.0,0.0,0.0,0.0,0.0,0.0,0.0,0.0
36,36,58.28933565431205,67.40140181084577,0.0,87.14295886302773,0.0,0.0,0.0,0.0,0.0,0.0,0.0,0.0,0.0,0.0,0.0,0.0,0.0,0.0,0.0,0.0,0.0,0.0,0.0,0.0,0.0,0.0,0.0,0.0,0.0,0.0,0.0,0.0
37,37,58.71700278205208,66.78298835683137,0.0,87.1815724232667,0.0,0.0,0.0,0.0,0.0,0.0,0.0,0.0,0.0,0.0,0.0,0.0,0.0,0.0,0.0,0.0,0.0,0.0,0.0,0.0,0.0,0.0,0.0,0.0,0.0,0.0,0.0,0.0
38,38,53.58313950326584,55.41529566790446,0.0,83.08355573146615,0.0,0.0,0.0,0.0,0.0,0.0,0.0,0.0,0.0,0.0,0.0,0.0,0.0,0.0,0.0,0.0,0.0,0.0,0.0,0.0,0.0,0.0,0.0,0.0,0.0,0.0,0.0,0.0
39,39,69.01462476807974,60.84677671859103,0.0,85.03584184006914,0.0,0.0,0.0,0.0,0.0,0.0,0.0,0.0,0.0,0.0,0.0,0.0,0.0,0.0,0.0,0.0,0.0,0.0,0.0,0.0,0.0,0.0,0.0,0.0,0.0,0.0,0.0,0.0
40,40,65.7871052076048,56.45239185417803,0.0,77.16476175807922,0.0,0.0,0.0,0.0,0.0,0.0,0.0,0.0,0.0,0.0,0.0,0.0,0.0,0.0,0.0,0.0,0.0,0.0,0.0,0.0,0.0,0.0,0.0,0.0,0.0,0.0,0.0,0.0
41,41,71.56626773701265,70.84392561487762,0.0,67.65998547523385,0.0,0.0,0.0,0.0,0.0,0.0,0.0,0.0,0.0,0.0,0.0,0.0,0.0,0.0,0.0,0.0,0.0,0.0,0.0,0.0,0.0,0.0,0.0,0.0,0.0,0.0,0.0,0.0
42,42,59.83396287663639,70.03615813902564,0.0,81.46467469424705,0.0,0.0,0.0,0.0,0.0,0.0,0.0,0.0,0.0,0.0,0.0,0.0,0.0,0.0,0.0,0.0,0.0,0.0,0.0,0.0,0.0,0.0,0.0,0.0,0.0,0.0,0.0,0.0
43,43,64.71781626987239,67.27300451035924,0.0,97.13910952311196,0.0,0.0,0.0,0.0,0.0,0.0,0.0,0.0,0.0,0.0,0.0,0.0,0.0,0.0,0.0,0.0,0.0,0.0,0.0,0.0,0.0,0.0,0.0,0.0,0.0,0.0,0.0,0.0
44,44,54.00512217987812,67.7463480720453,0.0,83.06536149316885,0.0,0.0,0.0,0.0,0.0,0.0,0.0,0.0,0.0,0.0,0.0,0.0,0.0,0.0,0.0,0.0,0.0,0.0,0.0,0.0,0.0,0.0,0.0,0.0,0.0,0.0,0.0,0.0
45,45,62.61278700115858,65.954253231791,0.0,88.86856807548303,0.0,0.0,0.0,0.0,0.0,0.0,0.0,0.0,0.0,0.0,0.0,0.0,0.0,0.0,0.0,0.0,0.0,0.0,0.0,0.0,0.0,0.0,0.0,0.0,0.0,0.0,0.0,0.0
46,46,54.82307408435026,79.42005727874005,0.0,75.38875608928572,0.0,0.0,0.0,0.0,0.0,0.0,0.0,0.0,0.0,0.0,0.0,0.0,0.0,0.0,0.0,0.0,0.0,0.0,0.0,0.0,0.0,0.0,0.0,0.0,0.0,0.0,0.0,0.0
47,47,72.39010970336165,77.29518971674528,0.0,75.3493026077902,0.0,0.0,0.0,0.0,0.0,0.0,0.0,0.0,0.0,0.0,0.0,0.0,0.0,0.0,0.0,0.0,0.0,0.0,0.0,0.0,0.0,0.0,0.0,0.0,0.0,0.0,0.0,0.0
48,48,60.40055951868087,67.23348592125411,0.0,81.53113372037473,0.0,0.0,0.0,0.0,0.0,0.0,0.0,0.0,0.0,0.0,0.0,0.0,0.0,0.0,0.0,0.0,0.0,0.0,0.0,0.0,0.0,0.0,0.0,0.0,0.0,0.0,0.0,0.0
49,49,58.84400414884166,70.66492983266266,0.0,85.13284589419483,0.0,0.0,0.0,0.0,0.0,0.0,0.0,0.0,0.0,0.0,0.0,0.0,0.0,0.0,0.0,0.0,0.0,0.0,0.0,0.0,0.0,0.0,0.0,0.0,0.0,0.0,0.0,0.0
50,50,73.15654144373141,84.4968658263256,0.0,83.73413481930862,0.0,0.0,0.0,0.0,0.0,0.0,0.0,0.0,0.0,0.0,0.0,0.0,0.0,0.0,0.0,0.0,0.0,0.0,0.0,0.0,0.0,0.0,0.0,0.0,0.0,0.0,0.0,0.0
51,51,56.85993457167254,75.51345775557998,0.0,72.80349383050185,0.0,0.0,0.0,0.0,0.0,0.0,0.0,0.0,0.0,0.0,0.0,0.0,0.0,0.0,0.0,0.0,0.0,0.0,0.0,0.0,0.0,0.0,0.0,0.0,0.0,0.0,0.0,0.0
52,52,60.33079062517268,72.88792267458157,0.0,73.53370027797453,0.0,0.0,0.0,0.0,0.0,0.0,0.0,0.0,0.0,0.0,0.0,0.0,0.0,0.0,0.0,0.0,0.0,0.0,0.0,0.0,0.0,0.0,0.0,0.0,0.0,0.0,0.0,0.0
53,53,65.50065525274502,65.20417798068664,0.0,73.97459356457978,0.0,0.0,0.0,0.0,0.0,0.0,0.0,0.0,0.0,0.0,0.0,0.0,0.0,0.0,0.0,0.0,0.0,0.0,0.0,0.0,0.0,0.0,0.0,0.0,0.0,0.0,0.0,0.0
54,54,59.521053411256055,73.69666637063564,0.0,80.95841056730876,0.0,0.0,0.0,0.0,0.0,0.0,0.0,0.0,0.0,0.0,0.0,0.0,0.0,0.0,0.0,0.0,0.0,0.0,0.0,0.0,0.0,0.0,0.0,0.0,0.0,0.0,0.0,0.0
55,55,48.962984904036176,67.51792068921097,0.0,89.1385846394646,0.0,0.0,0.0,0.0,0.0,0.0,0.0,0.0,0.0,0.0,0.0,0.0,0.0,0.0,0.0,0.0,0.0,0.0,0.0,0.0,0.0,0.0,0.0,0.0,0.0,0.0,0.0,0.0
56,56,57.84188632797546,68.3852694441459,0.0,86.86969187956294,0.0,0.0,0.0,0.0,0.0,0.0,0.0,0.0,0.0,0.0,0.0,0.0,0.0,0.0,0.0,0.0,0.0,0.0,0.0,0.0,0.0,0.0,0.0,0.0,0.0,0.0,0.0,0.0
57,57,48.641876322234964,72.87902682141876,0.0,63.63911619051311,0.0,0.0,0.0,0.0,0.0,0.0,0.0,0.0,0.0,0.0,0.0,0.0,0.0,0.0,0.0,0.0,0.0,0.0,0.0,0.0,0.0,0.0,0.0,0.0,0.0,0.0,0.0,0.0
58,58,63.98113936268163,84.42092194580822,0.0,76.83779050122293,0.0,0.0,0.0,0.0,0.0,0.0,0.0,0.0,0.0,0.0,0.0,0.0,0.0,0.0,0.0,0.0,0.0,0.0,0.0,0.0,0.0,0.0,0.0,0.0,0.0,0.0,0.0,0.0
59,59,57.809722050464906,66.05002359009299,0.0,74.87341956700972,0.0,0.0,0.0,0.0,0.0,0.0,0.0,0.0,0.0,0.0,0.0,0.0,0.0,0.0,0.0,0.0,0.0,0.0,0.0,0.0,0.0,0.0,0.0,0.0,0.0,0.0,0.0,0.0
60,60,55.708509383115924,76.04250764626529,0.0,88.12845044206148,0.0,0.0,0.0,0.0,0.0,0.0,0.0,0.0,0.0,0.0,0.0,0.0,0.0,0.0,0.0,0.0,0.0,0.0,0.0,0.0,0.0,0.0,0.0,0.0,0.0,0.0,0.0,0.0
61,61,42.93835443530359,77.43370250335315,0.0,83.64321424902144,0.0,0.0,0.0,0.0,0.0,0.0,0.0,0.0,0.0,0.0,0.0,0.0,0.0,0.0,0.0,0.0,0.0,0.0,0.0,0.0,0.0,0.0,0.0,0.0,0.0,0.0,0.0,0.0
62,62,50.976130462125,69.8896915911221,0.0,83.33092363812433,0.0,0.0,0.0,0.0,0.0,0.0,0.0,0.0,0.0,0.0,0.0,0.0,0.0,0.0,0.0,0.0,0.0,0.0,0.0,0.0,0.0,0.0,0.0,0.0,0.0,0.0,0.0,0.0
63,63,56.42021750200817,71.08150832478208,0.0,83.80960124057171,0.0,0.0,0.0,0.0,0.0,0.0,0.0,0.0,0.0,0.0,0.0,0.0,0.0,0.0,0.0,0.0,0.0,0.0,0.0,0.0,0.0,0.0,0.0,0.0,0.0,0.0,0.0,0.0
64,64,40.062933379454236,54.155152144047435,0.0,73.38891421066336,0.0,0.0,0.0,0.0,0.0,0.0,0.0,0.0,0.0,0.0,0.0,0.0,0.0,0.0,0.0,0.0,0.0,0.0,0.0,0.0,0.0,0.0,0.0,0.0,0.0,0.0,0.0,0.0
65,65,0.0,77.7079882499666,0.0,79.23891024475657,0.0,57.86045350345198,0.0,0.0,0.0,0.0,0.0,0.0,0.0,0.0,0.0,0.0,0.0,0.0,0.0,0.0,0.0,0.0,0.0,0.0,0.0,0.0,0.0,0.0,0.0,0.0,0.0,0.0
66,66,0.0,65.16501204559984,0.0,85.18751552453703,0.0,47.415993072208536,0.0,0.0,0.0,0.0,0.0,0.0,0.0,0.0,0.0,0.0,0.0,0.0,0.0,0.0,0.0,0.0,0.0,0.0,0.0,0.0,0.0,0.0,0.0,0.0,0.0,0.0
67,67,0.0,58.67240446991492,0.0,75.96257183317059,0.0,43.74493903400446,0.0,0.0,0.0,0.0,0.0,0.0,0.0,0.0,0.0,0.0,0.0,0.0,0.0,0.0,0.0,0.0,0.0,0.0,0.0,0.0,0.0,0.0,0.0,0.0,0.0,0.0
68,68,0.0,71.69592696414539,0.0,78.6143044917593,0.0,53.69808324109816,0.0,0.0,0.0,0.0,0.0,0.0,0.0,0.0,0.0,0.0,0.0,0.0,0.0,0.0,0.0,0.0,0.0,0.0,0.0,0.0,0.0,0.0,0.0,0.0,0.0,0.0
69,69,0.0,87.76014744668913,0.0,68.88638796620114,0.0,53.04587018534359,0.0,0.0,0.0,0.0,0.0,0.0,0.0,0.0,0.0,0.0,0.0,0.0,0.0,0.0,0.0,0.0,0.0,0.0,0.0,0.0,0.0,0.0,0.0,0.0,0.0,0.0
70,70,0.0,71.95746439003432,0.0,76.40462674859762,0.0,57.16871424453339,0.0,0.0,0.0,0.0,0.0,0.0,0.0,0.0,0.0,0.0,0.0,0.0,0.0,0.0,0.0,0.0,0.0,0.0,0.0,0.0,0.0,0.0,0.0,0.0,0.0,0.0
71,71,0.0,75.24264927800085,0.0,80.97935531411147,0.0,56.92833919555431,0.0,0.0,0.0,0.0,0.0,0.0,0.0,0.0,0.0,0.0,0.0,0.0,0.0,0.0,0.0,0.0,0.0,0.0,0.0,0.0,0.0,0.0,0.0,0.0,0.0,0.0
72,72,0.0,78.278305557322,0.0,71.88168098510027,0.0,47.02845406099829,0.0,0.0,0.0,0.0,0.0,0.0,0.0,0.0,0.0,0.0,0.0,0.0,0.0,0.0,0.0,0.0,0.0,0.0,0.0,0.0,0.0,0.0,0.0,0.0,0.0,0.0
73,73,0.0,85.50694904462267,0.0,93.42572047147505,0.0,49.506420741429594,0.0,0.0,0.0,0.0,0.0,0.0,0.0,0.0,0.0,0.0,0.0,0.0,0.0,0.0,0.0,0.0,0.0,0.0,0.0,0.0,0.0,0.0,0.0,0.0,0.0,0.0
74,74,0.0,61.87838398757456,0.0,82.96094167034104,0.0,51.93945546611029,0.0,0.0,0.0,0.0,0.0,0.0,0.0,0.0,0.0,0.0,0.0,0.0,0.0,0.0,0.0,0.0,0.0,0.0,0.0,0.0,0.0,0.0,0.0,0.0,0.0,0.0
75,75,0.0,67.3739119786939,0.0,86.18850470825163,0.0,55.092689728724494,0.0,0.0,0.0,0.0,0.0,0.0,0.0,0.0,0.0,0.0,0.0,0.0,0.0,0.0,0.0,0.0,0.0,0.0,0.0,0.0,0.0,0.0,0.0,0.0,0.0,0.0
76,76,0.0,62.21470996528531,0.0,82.30454087282155,0.0,71.21703932916425,0.0,0.0,0.0,0.0,0.0,0.0,0.0,0.0,0.0,0.0,0.0,0.0,0.0,0.0,0.0,0.0,0.0,0.0,0.0,0.0,0.0,0.0,0.0,0.0,0.0,0.0
77,77,0.0,81.31740750204165,0.0,65.04918637025551,0.0,54.995347033052184,64.52873971282071,0.0,0.0,0.0,0.0,0.0,0.0,0.0,0.0,0.0,0.0,0.0,0.0,0.0,0.0,0.0,0.0,0.0,0.0,0.0,0.0,0.0,0.0,0.0,0.0,0.0
78,78,0.0,90.87363515646757,0.0,79.71813948386642,0.0,54.86839382639189,66.05318018009385,0.0,0.0,0.0,0.0,0.0,0.0,0.0,0.0,0.0,0.0,0.0,0.0,0.0,0.0,0.0,0.0,0.0,0.0,0.0,0.0,0.0,0.0,0.0,0.0,0.0
79,79,0.0,70.5927674698845,0.0,83.43317260148635,0.0,69.7589159634789,70.48448061989325,0.0,0.0,0.0,0.0,0.0,0.0,0.0,0.0,0.0,0.0,0.0,0.0,0.0,0.0,0.0,0.0,0.0,0.0,0.0,0.0,0.0,0.0,0.0,0.0,0.0
80,80,0.0,76.57212433535933,0.0,61.97754147137282,0.0,53.32235060597505,44.876669388264986,0.0,0.0,0.0,0.0,0.0,0.0,0.0,0.0,0.0,0.0,0.0,0.0,0.0,0.0,0.0,0.0,0.0,0.0,0.0,0.0,0.0,0.0,0.0,0.0,0.0
81,81,0.0,72.60140719135305,0.0,74.27399614057258,0.0,54.04777498787797,59.961409161285694,0.0,0.0,0.0,0.0,0.0,0.0,0.0,0.0,0.0,0.0,0.0,0.0,0.0,0.0,0.0,0.0,0.0,0.0,0.0,0.0,0.0,0.0,0.0,0.0,0.0
82,82,0.0,77.1000482408613,0.0,82.65992977482024,0.0,68.69185021417849,44.55791955335144,0.0,0.0,0.0,0.0,0.0,0.0,0.0,0.0,0.0,0.0,0.0,0.0,0.0,0.0,0.0,0.0,0.0,0.0,0.0,0.0,0.0,0.0,0.0,0.0,0.0
83,83,0.0,63.738908270191146,0.0,64.96755565700508,0.0,62.58067013301023,53.41275380630114,0.0,0.0,0.0,0.0,0.0,0.0,0.0,0.0,0.0,0.0,0.0,0.0,0.0,0.0,0.0,0.0,0.0,0.0,0.0,0.0,0.0,0.0,0.0,0.0,0.0
84,84,0.0,71.40369646249329,0.0,68.35082402350008,0.0,53.59004770055509,61.336545153807535,0.0,0.0,0.0,0.0,0.0,0.0,0.0,0.0,0.0,0.0,0.0,0.0,0.0,0.0,0.0,0.0,0.0,0.0,0.0,0.0,0.0,0.0,0.0,0.0,0.0
85,85,0.0,64.3225349456977,0.0,68.97203589221849,0.0,52.87158973030388,54.76481060624805,0.0,0.0,0.0,0.0,0.0,0.0,0.0,0.0,0.0,0.0,0.0,0.0,0.0,0.0,0.0,0.0,0.0,0.0,0.0,0.0,0.0,0.0,0.0,0.0,0.0
86,86,0.0,77.52976317162648,0.0,63.64329826469964,0.0,69.03228972761994,58.41608356762134,0.0,0.0,0.0,0.0,0.0,0.0,0.0,0.0,0.0,0.0,0.0,0.0,0.0,0.0,0.0,0.0,0.0,0.0,0.0,0.0,0.0,0.0,0.0,0.0,0.0
87,87,0.0,85.29405203034014,0.0,63.08421681950469,0.0,57.47210022175675,57.69952298981908,0.0,0.0,0.0,0.0,0.0,0.0,0.0,0.0,0.0,0.0,0.0,0.0,0.0,0.0,0.0,0.0,0.0,0.0,0.0,0.0,0.0,0.0,0.0,0.0,0.0
88,88,0.0,63.780456842080746,0.0,61.155096183117976,0.0,63.349927903304604,69.52527851863417,0.0,0.0,0.0,0.0,0.0,0.0,0.0,0.0,0.0,0.0,0.0,0.0,0.0,0.0,0.0,0.0,0.0,0.0,0.0,0.0,0.0,0.0,0.0,0.0,0.0
89,89,0.0,69.7937462443376,0.0,69.74171697625209,0.0,54.812619268783834,48.45242931039443,0.0,0.0,0.0,0.0,0.0,0.0,0.0,0.0,0.0,0.0,0.0,0.0,0.0,0.0,0.0,0.0,0.0,0.0,0.0,0.0,0.0,0.0,0.0,0.0,0.0
90,90,0.0,66.52483825665698,0.0,72.71939855432888,0.0,73.32680938641039,58.260746641199674,0.0,0.0,0.0,0.0,0.0,0.0,0.0,0.0,0.0,0.0,0.0,0.0,0.0,0.0,0.0,0.0,0.0,0.0,0.0,0.0,0.0,0.0,0.0,0.0,0.0
91,91,0.0,65.62392072114477,0.0,75.60747655046374,0.0,64.04629892913728,63.201212272262296,0.0,0.0,0.0,0.0,0.0,0.0,0.0,0.0,0.0,0.0,0.0,0.0,0.0,0.0,0.0,0.0,0.0,0.0,0.0,0.0,0.0,0.0,0.0,0.0,0.0
92,92,0.0,82.59022881076099,0.0,41.44230529302823,0.0,60.92104349619845,73.81979278254866,54.709626514589274,0.0,0.0,0.0,0.0,0.0,0.0,0.0,0.0,0.0,0.0,0.0,0.0,0.0,0.0,0.0,0.0,0.0,0.0,0.0,0.0,0.0,0.0,0.0,0.0
93,93,0.0,61.55306727148955,0.0,73.49627945450146,0.0,60.612829587552916,63.545721245982506,60.093380663879344,0.0,0.0,0.0,0.0,0.0,0.0,0.0,0.0,0.0,0.0,0.0,0.0,0.0,0.0,0.0,0.0,0.0,0.0,0.0,0.0,0.0,0.0,0.0,0.0
94,94,0.0,73.05795552385584,0.0,61.72816891646828,0.0,69.76490102212439,53.036694686329966,48.2124990215302,0.0,0.0,0.0,0.0,0.0,0.0,0.0,0.0,0.0,0.0,0.0,0.0,0.0,0.0,0.0,0.0,0.0,0.0,0.0,0.0,0.0,0.0,0.0,0.0
95,95,0.0,66.09134103647233,0.0,72.83371011169342,0.0,67.88581328491385,59.96531554183749,58.091828462795206,0.0,0.0,0.0,0.0,0.0,0.0,0.0,0.0,0.0,0.0,0.0,0.0,0.0,0.0,0.0,0.0,0.0,0.0,0.0,0.0,0.0,0.0,0.0,0.0
96,96,0.0,62.77367807643455,0.0,47.98061305083742,0.0,60.38727936958301,64.90758423771197,50.73367952811939,0.0,0.0,0.0,0.0,0.0,0.0,0.0,0.0,0.0,0.0,0.0,0.0,0.0,0.0,0.0,0.0,0.0,0.0,0.0,0.0,0.0,0.0,0.0,0.0
97,97,0.0,76.25805096984013,0.0,64.27998625283993,0.0,65.92338628006496,62.4876763312168,46.721994392992414,0.0,0.0,0.0,0.0,0.0,0.0,0.0,0.0,0.0,0.0,0.0,0.0,0.0,0.0,0.0,0.0,0.0,0.0,0.0,0.0,0.0,0.0,0.0,0.0
98,98,0.0,63.17220584348055,0.0,68.03991769168275,0.0,68.33600149688763,48.925242812859366,56.51926385729237,0.0,0.0,0.0,0.0,0.0,0.0,0.0,0.0,0.0,0.0,0.0,0.0,0.0,0.0,0.0,0.0,0.0,0.0,0.0,0.0,0.0,0.0,0.0,0.0
99,99,0.0,59.02198066427498,0.0,59.43901772345007,0.0,58.02706211741191,64.678194813174,51.99760416217799,0.0,0.0,0.0,0.0,0.0,0.0,0.0,0.0,0.0,0.0,0.0,0.0,0.0,0.0,0.0,0.0,0.0,0.0,0.0,0.0,0.0,0.0,0.0,0.0
100,100,0.0,68.27790241974398,0.0,69.88653105573644,0.0,61.175005321445596,64.20990924582372,56.04294658820022,0.0,0.0,0.0,0.0,0.0,0.0,0.0,0.0,0.0,0.0,0.0,0.0,0.0,0.0,0.0,0.0,0.0,0.0,0.0,0.0,0.0,0.0,0.0,0.0
101,101,0.0,71.04661983279736,0.0,66.40702210222261,0.0,70.00889104878215,54.964122127085346,53.5079366880296,0.0,0.0,0.0,0.0,0.0,0.0,0.0,0.0,0.0,0.0,0.0,0.0,0.0,0.0,0.0,0.0,0.0,0.0,0.0,0.0,0.0,0.0,0.0,0.0
102,102,0.0,62.81738391358809,0.0,50.85038851070841,0.0,56.37642124762555,60.20722869161871,54.928097427295256,0.0,0.0,0.0,0.0,0.0,0.0,0.0,0.0,0.0,0.0,0.0,0.0,0.0,0.0,0.0,0.0,0.0,0.0,0.0,0.0,0.0,0.0,0.0,0.0
103,103,0.0,69.93493489899951,0.0,55.34956339912826,0.0,76.06313433493892,73.46027249129007,62.56326369019383,0.0,0.0,0.0,0.0,0.0,0.0,0.0,0.0,0.0,0.0,0.0,0.0,0.0,0.0,0.0,0.0,0.0,0.0,0.0,0.0,0.0,0.0,0.0,0.0
104,104,0.0,68.60534451153268,0.0,64.07131705498072,0.0,62.29559507291093,54.263557028594796,48.23918876311963,0.0,0.0,0.0,0.0,0.0,0.0,0.0,0.0,0.0,0.0,0.0,0.0,0.0,0.0,0.0,0.0,0.0,0.0,0.0,0.0,0.0,0.0,0.0,0.0
105,105,0.0,66.43132637401808,0.0,59.428887484018404,0.0,67.17538292498796,58.20949272422854,50.6312586137957,0.0,0.0,0.0,0.0,0.0,0.0,0.0,0.0,0.0,0.0,0.0,0.0,0.0,0.0,0.0,0.0,0.0,0.0,0.0,0.0,0.0,0.0,0.0,0.0
106,106,0.0,55.271906070405464,0.0,51.248288774185625,0.0,74.08580870224344,74.9191828624459,48.554808657207914,0.0,0.0,0.0,0.0,0.0,0.0,0.0,0.0,0.0,0.0,0.0,0.0,0.0,0.0,0.0,0.0,0.0,0.0,0.0,0.0,0.0,0.0,0.0,0.0
107,107,0.0,68.18086555284404,0.0,67.23890611632854,0.0,67.67369143087737,58.90018100383947,61.177246080914216,0.0,0.0,0.0,0.0,0.0,0.0,0.0,0.0,0.0,0.0,0.0,0.0,0.0,0.0,0.0,0.0,0.0,0.0,0.0,0.0,0.0,0.0,0.0,0.0
108,108,0.0,64.94185307835335,0.0,48.036338358341816,0.0,71.30404117593548,73.08677520131542,65.02114524492046,0.0,0.0,0.0,0.0,0.0,0.0,0.0,0.0,0.0,0.0,0.0,0.0,0.0,0.0,0.0,0.0,0.0,0.0,0.0,0.0,0.0,0.0,0.0,0.0
109,109,0.0,64.36953600138389,0.0,52.62855079878754,0.0,71.1187793936037,57.44028936995416,60.47653261039706,0.0,0.0,0.0,0.0,0.0,0.0,0.0,0.0,0.0,0.0,0.0,0.0,0.0,0.0,0.0,0.0,0.0,0.0,0.0,0.0,0.0,0.0,0.0,0.0
110,110,0.0,73.41424017887016,0.0,56.31290047713362,0.0,66.68392436278107,59.45575189298805,69.2424087740751,0.0,0.0,0.0,0.0,0.0,0.0,0.0,0.0,0.0,0.0,0.0,0.0,0.0,0.0,0.0,0.0,0.0,0.0,0.0,0.0,0.0,0.0,0.0,0.0
111,111,0.0,60.555822035913124,0.0,55.19761755298711,0.0,74.96704349618926,73.28780741341927,65.51427467897264,0.0,0.0,0.0,0.0,0.0,0.0,0.0,0.0,0.0,0.0,0.0,0.0,0.0,0.0,0.0,0.0,0.0,0.0,0.0,0.0,0.0,0.0,0.0,0.0
112,112,0.0,55.950149280666835,0.0,50.45773818805976,0.0,69.3046996742921,61.71868500990617,51.434096421343654,0.0,0.0,0.0,0.0,0.0,0.0,0.0,0.0,0.0,0.0,0.0,0.0,0.0,0.0,0.0,0.0,0.0,0.0,0.0,0.0,0.0,0.0,0.0,0.0
113,113,0.0,71.86462674479739,0.0,46.32635179557244,0.0,72.08401306124259,76.73099309923498,51.83145249086279,0.0,0.0,0.0,0.0,0.0,0.0,0.0,0.0,0.0,0.0,0.0,0.0,0.0,0.0,0.0,0.0,0.0,0.0,0.0,0.0,0.0,0.0,0.0,0.0
114,114,0.0,64.68043427192936,0.0,55.439394886423955,0.0,72.67506805979296,65.05107976168706,46.38138123319459,0.0,0.0,0.0,0.0,0.0,0.0,0.0,0.0,0.0,0.0,0.0,0.0,0.0,0.0,0.0,0.0,0.0,0.0,0.0,0.0,0.0,0.0,0.0,0.0
115,115,0.0,53.247035542097564,0.0,50.34957637227638,0.0,73.79827684129606,74.79856046059922,65.78739289622617,0.0,0.0,0.0,0.0,0.0,0.0,0.0,0.0,0.0,0.0,0.0,0.0,0.0,0.0,0.0,0.0,0.0,0.0,0.0,0.0,0.0,0.0,0.0,0.0
116,116,0.0,62.19857303067047,0.0,57.854495489408,0.0,67.09826486268327,88.80076145626464,50.699287722078736,0.0,0.0,0.0,0.0,0.0,0.0,0.0,0.0,0.0,0.0,0.0,0.0,0.0,0.0,0.0,0.0,0.0,0.0,0.0,0.0,0.0,0.0,0.0,0.0
117,117,0.0,47.907084165673325,0.0,44.62115147679346,0.0,65.93101751216648,82.47840033918528,59.034040270926106,0.0,0.0,0.0,0.0,0.0,0.0,0.0,0.0,0.0,0.0,0.0,0.0,0.0,0.0,0.0,0.0,0.0,0.0,0.0,0.0,0.0,0.0,0.0,0.0
118,118,0.0,68.91247152439782,0.0,55.25377112567212,0.0,50.260411399260676,70.91798939328555,41.541746665536614,0.0,0.0,0.0,0.0,0.0,0.0,0.0,0.0,0.0,0.0,0.0,0.0,0.0,0.0,0.0,0.0,0.0,0.0,0.0,0.0,0.0,0.0,0.0,0.0
119,119,0.0,50.8269852630043,0.0,37.49276820431828,0.0,75.3322804765165,76.73341601488002,51.314388737750285,0.0,0.0,0.0,0.0,0.0,0.0,0.0,0.0,0.0,0.0,0.0,0.0,0.0,0.0,0.0,0.0,0.0,0.0,0.0,0.0,0.0,0.0,0.0,0.0
120,120,0.0,56.437878246292826,0.0,54.088922127312046,0.0,62.05392007676374,72.06206790466578,48.54165202797739,0.0,0.0,0.0,0.0,0.0,0.0,0.0,0.0,0.0,0.0,0.0,0.0,0.0,0.0,0.0,0.0,0.0,0.0,0.0,0.0,0.0,0.0,0.0,0.0
121,121,0.0,75.37243295808877,0.0,41.77380323501852,0.0,64.83512949457152,65.10139713480541,53.23341349101556,0.0,0.0,0.0,0.0,0.0,0.0,0.0,0.0,0.0,0.0,0.0,0.0,0.0,0.0,0.0,0.0,0.0,0.0,0.0,0.0,0.0,0.0,0.0,0.0
122,122,0.0,62.314037066923596,0.0,53.891433069046805,0.0,73.55175572703352,76.40850703706032,44.54287130715154,0.0,0.0,0.0,0.0,0.0,0.0,0.0,0.0,0.0,0.0,0.0,0.0,0.0,0.0,0.0,0.0,0.0,0.0,0.0,0.0,0.0,0.0,0.0,0.0
123,123,0.0,68.06506362604415,0.0,40.88162094084704,0.0,61.76278605830287,73.16320893068874,52.03541077460257,0.0,0.0,0.0,0.0,0.0,0.0,0.0,0.0,0.0,0.0,0.0,0.0,0.0,0.0,0.0,0.0,0.0,0.0,0.0,0.0,0.0,0.0,0.0,0.0
124,124,0.0,59.20249595208772,0.0,43.86371351873487,0.0,67.66660088606568,65.41662661899028,43.69238747059542,0.0,0.0,0.0,0.0,0.0,0.0,0.0,0.0,0.0,0.0,0.0,0.0,0.0,0.0,0.0,0.0,0.0,0.0,0.0,0.0,0.0,0.0,0.0,0.0
125,125,0.0,51.27798729192346,0.0,0.0,0.0,63.387552896754556,79.00623259234563,61.13140273016891,0.0,0.0,0.0,0.0,0.0,0.0,0.0,0.0,0.0,0.0,0.0,0.0,0.0,0.0,0.0,0.0,0.0,0.0,0.0,0.0,0.0,0.0,0.0,0.0
126,126,0.0,50.0541451114507,0.0,0.0,0.0,68.50442335232108,74.5152842254243,63.6642113724648,0.0,0.0,0.0,0.0,0.0,0.0,0.0,0.0,0.0,0.0,0.0,0.0,0.0,0.0,0.0,0.0,0.0,0.0,0.0,0.0,0.0,0.0,0.0,0.0
127,127,0.0,59.16103148976256,0.0,0.0,0.0,65.85192339801276,69.88921059658237,58.05696826718778,0.0,0.0,0.0,0.0,0.0,0.0,0.0,0.0,0.0,0.0,0.0,0.0,0.0,0.0,0.0,0.0,0.0,0.0,0.0,0.0,0.0,0.0,0.0,0.0
128,128,0.0,64.09434645420602,0.0,0.0,0.0,74.79793068032573,81.73414444582843,55.0471728527223,0.0,0.0,0.0,0.0,0.0,0.0,0.0,0.0,0.0,0.0,0.0,0.0,0.0,0.0,0.0,0.0,0.0,0.0,0.0,0.0,0.0,0.0,0.0,0.0
129,129,0.0,72.89993582674661,0.0,0.0,0.0,71.50511577998857,83.07997871633552,65.94930823242268,0.0,0.0,0.0,0.0,0.0,0.0,0.0,0.0,0.0,0.0,0.0,0.0,0.0,0.0,0.0,0.0,0.0,0.0,0.0,0.0,0.0,0.0,0.0,0.0
130,130,0.0,46.44084577747775,0.0,0.0,0.0,78.69109206786332,84.23586824719821,48.646369084962444,0.0,0.0,0.0,0.0,0.0,0.0,0.0,0.0,0.0,0.0,0.0,0.0,0.0,0.0,0.0,0.0,0.0,0.0,0.0,0.0,0.0,0.0,0.0,0.0
131,131,0.0,42.06797903732539,0.0,0.0,0.0,60.511049174211315,70.85050068362872,60.96243302659232,0.0,0.0,0.0,0.0,0.0,0.0,0.0,0.0,0.0,0.0,0.0,0.0,0.0,0.0,0.0,0.0,0.0,0.0,0.0,0.0,0.0,0.0,0.0,0.0
132,132,0.0,49.293743401282185,0.0,0.0,0.0,71.44946951805862,77.8336137927364,56.20392142023188,0.0,0.0,0.0,0.0,0.0,0.0,0.0,0.0,0.0,0.0,0.0,0.0,0.0,0.0,0.0,0.0,0.0,0.0,0.0,0.0,0.0,0.0,0.0,0.0
133,133,0.0,55.29910897425585,0.0,0.0,0.0,59.57759235784533,65.81206422368587,45.864555012633616,0.0,0.0,0.0,0.0,0.0,0.0,0.0,0.0,0.0,0.0,0.0,0.0,0.0,0.0,0.0,0.0,0.0,0.0,0.0,0.0,0.0,0.0,0.0,0.0
134,134,0.0,56.393388225014405,0.0,0.0,0.0,72.3679444632711,74.19583463721011,62.31171470282518,59.499857994934516,0.0,0.0,0.0,0.0,0.0,0.0,0.0,0.0,0.0,0.0,0.0,0.0,0.0,0.0,0.0,0.0,0.0,0.0,0.0,0.0,0.0,0.0,0.0
135,135,0.0,68.84257580254082,0.0,0.0,0.0,64.97065047608994,87.8873838393371,64.46382619001378,59.275807735528645,0.0,0.0,0.0,0.0,0.0,0.0,0.0,0.0,0.0,0.0,0.0,0.0,0.0,0.0,0.0,0.0,0.0,0.0,0.0,0.0,0.0,0.0,0.0
136,136,0.0,47.86923096507616,0.0,0.0,0.0,61.7378231082933,83.49503459028044,47.69879193135589,52.56787533152277,0.0,0.0,0.0,0.0,0.0,0.0,0.0,0.0,0.0,0.0,0.0,0.0,0.0,0.0,0.0,0.0,0.0,0.0,0.0,0.0,0.0,0.0,0.0
137,137,0.0,44.82332490326198,0.0,0.0,0.0,63.6644451274772,71.46257701692934,57.08932674758424,50.432560343646955,0.0,0.0,0.0,0.0,0.0,0.0,0.0,0.0,0.0,0.0,0.0,0.0,0.0,0.0,0.0,0.0,0.0,0.0,0.0,0.0,0.0,0.0,0.0
138,138,0.0,63.65369077794269,0.0,0.0,0.0,66.62834094649912,79.68408735622236,49.03094698478502,58.42955674086642,0.0,0.0,0.0,0.0,0.0,0.0,0.0,0.0,0.0,0.0,0.0,0.0,0.0,0.0,0.0,0.0,0.0,0.0,0.0,0.0,0.0,0.0,0.0
139,139,0.0,46.94431506237862,0.0,0.0,0.0,71.72623941468788,82.85488901718668,49.75976204825574,56.641263231488466,0.0,0.0,0.0,0.0,0.0,0.0,0.0,0.0,0.0,0.0,0.0,0.0,0.0,0.0,0.0,0.0,0.0,0.0,0.0,0.0,0.0,0.0,0.0
140,140,0.0,0.0,0.0,0.0,0.0,71.66098541334713,73.04550165682218,54.92393051299223,42.99976244655593,0.0,0.0,0.0,0.0,0.0,0.0,0.0,0.0,0.0,0.0,0.0,0.0,0.0,0.0,0.0,0.0,0.0,0.0,0.0,0.0,0.0,0.0,0.0
141,141,0.0,0.0,0.0,0.0,0.0,65.85832837129902,57.313411830713605,58.72799687358916,65.2973329116644,0.0,0.0,0.0,0.0,0.0,0.0,0.0,0.0,0.0,0.0,0.0,0.0,0.0,0.0,0.0,0.0,0.0,0.0,0.0,0.0,0.0,0.0,0.0
142,142,0.0,0.0,0.0,0.0,0.0,62.98584063328461,75.85913422667512,61.56047286028317,53.85536055790401,0.0,0.0,0.0,0.0,0.0,0.0,0.0,0.0,0.0,0.0,0.0,0.0,0.0,0.0,0.0,0.0,0.0,0.0,0.0,0.0,0.0,0.0,0.0
143,143,0.0,0.0,0.0,0.0,0.0,77.14845383193595,92.73774281481491,51.29595577030122,56.387876531883066,0.0,0.0,0.0,0.0,0.0,0.0,0.0,0.0,0.0,0.0,0.0,0.0,0.0,0.0,0.0,0.0,0.0,0.0,0.0,0.0,0.0,0.0,0.0
144,144,0.0,0.0,0.0,0.0,0.0,60.49139937561306,66.64517260331291,48.389378141915614,61.50782608442273,0.0,0.0,0.0,0.0,0.0,0.0,0.0,0.0,0.0,0.0,0.0,0.0,0.0,0.0,0.0,0.0,0.0,0.0,0.0,0.0,0.0,0.0,0.0
145,145,0.0,0.0,0.0,0.0,0.0,81.87307862299019,70.58950409839503,46.34686081884321,54.970673461339686,0.0,0.0,0.0,0.0,0.0,0.0,0.0,0.0,0.0,0.0,0.0,0.0,0.0,0.0,0.0,0.0,0.0,0.0,0.0,0.0,0.0,0.0,0.0
146,146,0.0,0.0,0.0,0.0,0.0,80.9706020077074,80.62759385038598,51.59649558586585,43.02535369294223,0.0,0.0,0.0,0.0,0.0,0.0,0.0,0.0,0.0,0.0,0.0,0.0,0.0,0.0,0.0,0.0,0.0,0.0,0.0,0.0,0.0,0.0,0.0
147,147,0.0,0.0,0.0,0.0,0.0,79.18829429950101,86.87280787850727,55.20370535118464,51.577614735274466,0.0,0.0,0.0,0.0,0.0,0.0,0.0,0.0,0.0,0.0,0.0,0.0,0.0,0.0,0.0,0.0,0.0,0.0,0.0,0.0,0.0,0.0,0.0
148,148,0.0,0.0,0.0,0.0,0.0,76.11852867309211,96.31590171839858,0.0,50.8742291731597,0.0,0.0,0.0,0.0,0.0,0.0,0.0,0.0,0.0,0.0,0.0,0.0,0.0,0.0,0.0,0.0,0.0,0.0,0.0,0.0,0.0,0.0,0.0
149,149,0.0,0.0,0.0,0.0,0.0,64.99905935705205,70.09570689610888,0.0,70.84325412615156,0.0,0.0,0.0,0.0,0.0,0.0,0.0,0.0,0.0,0.0,0.0,0.0,0.0,0.0,0.0,0.0,0.0,0.0,0.0,0.0,0.0,0.0,0.0
150,150,0.0,0.0,0.0,0.0,0.0,52.73158455194351,69.27133714878448,0.0,47.114172169596756,0.0,0.0,0.0,0.0,0.0,0.0,0.0,0.0,0.0,0.0,0.0,0.0,0.0,0.0,0.0,0.0,0.0,0.0,0.0,0.0,0.0,0.0,0.0
151,151,0.0,0.0,0.0,0.0,0.0,70.06026657942989,84.5272330229056,0.0,71.79573330990755,0.0,0.0,0.0,0.0,0.0,0.0,0.0,0.0,0.0,0.0,0.0,0.0,0.0,0.0,0.0,0.0,0.0,0.0,0.0,0.0,0.0,0.0,0.0
152,152,0.0,0.0,0.0,0.0,0.0,78.49693657304724,90.03654879912715,0.0,60.47757175957301,0.0,0.0,0.0,0.0,0.0,0.0,0.0,0.0,0.0,0.0,0.0,0.0,0.0,0.0,0.0,0.0,0.0,0.0,0.0,0.0,0.0,0.0,0.0
153,153,0.0,0.0,0.0,0.0,0.0,84.75838775230311,85.88568739723814,0.0,44.22089000046906,0.0,0.0,0.0,0.0,0.0,0.0,0.0,0.0,0.0,0.0,0.0,0.0,0.0,0.0,0.0,0.0,0.0,0.0,0.0,0.0,0.0,0.0,0.0
154,154,0.0,0.0,0.0,0.0,0.0,70.70950854204449,82.32170600753959,0.0,60.780572250354496,0.0,0.0,0.0,0.0,0.0,0.0,0.0,0.0,0.0,0.0,0.0,0.0,0.0,0.0,0.0,0.0,0.0,0.0,0.0,0.0,0.0,0.0,0.0
155,155,0.0,0.0,0.0,0.0,0.0,72.32118250231196,84.25302389765608,0.0,76.78332194479152,0.0,0.0,0.0,0.0,0.0,0.0,0.0,0.0,0.0,0.0,0.0,0.0,0.0,0.0,0.0,0.0,0.0,0.0,0.0,0.0,0.0,0.0,0.0
156,156,0.0,0.0,0.0,0.0,0.0,52.962914474087206,79.86767000755,0.0,63.73099942291613,0.0,0.0,0.0,0.0,0.0,0.0,0.0,0.0,0.0,0.0,0.0,0.0,0.0,0.0,0.0,0.0,0.0,0.0,0.0,0.0,0.0,0.0,0.0
157,157,0.0,0.0,0.0,0.0,0.0,64.5406902873278,95.514067354988,0.0,53.202523732188006,0.0,0.0,0.0,0.0,0.0,0.0,0.0,0.0,0.0,0.0,0.0,0.0,0.0,0.0,0.0,0.0,0.0,0.0,0.0,0.0,0.0,0.0,0.0
158,158,0.0,0.0,0.0,0.0,0.0,68.76251921141542,80.72220076366983,0.0,62.87867567827921,0.0,0.0,0.0,0.0,0.0,0.0,0.0,0.0,0.0,0.0,0.0,0.0,0.0,0.0,0.0,0.0,0.0,0.0,0.0,0.0,0.0,0.0,0.0
159,159,0.0,0.0,0.0,0.0,0.0,62.3865199902499,75.27790857846443,0.0,67.93169853873505,0.0,0.0,0.0,0.0,0.0,0.0,0.0,0.0,0.0,0.0,0.0,0.0,0.0,0.0,0.0,0.0,0.0,0.0,0.0,0.0,0.0,0.0,0.0
160,160,0.0,0.0,0.0,0.0,0.0,66.15726249469364,82.57684663934683,0.0,59.032119819919,0.0,0.0,0.0,0.0,0.0,0.0,0.0,0.0,0.0,0.0,0.0,0.0,0.0,0.0,0.0,0.0,0.0,0.0,0.0,0.0,0.0,0.0,0.0
161,161,0.0,0.0,0.0,0.0,0.0,54.492933863813484,85.13528124850151,0.0,65.84911946661836,0.0,0.0,0.0,0.0,0.0,0.0,0.0,0.0,0.0,0.0,0.0,0.0,0.0,0.0,0.0,0.0,0.0,0.0,0.0,0.0,0.0,0.0,0.0
162,162,0.0,0.0,0.0,0.0,0.0,61.57812913199589,69.38938754946076,0.0,63.32327463911937,0.0,0.0,0.0,0.0,0.0,0.0,0.0,0.0,0.0,0.0,0.0,0.0,0.0,0.0,0.0,0.0,0.0,0.0,0.0,0.0,0.0,0.0,0.0
163,163,0.0,0.0,0.0,0.0,0.0,61.206800647865535,74.08775817403074,0.0,61.368520037152265,0.0,0.0,0.0,0.0,0.0,0.0,0.0,0.0,0.0,0.0,0.0,0.0,0.0,0.0,0.0,0.0,0.0,0.0,0.0,0.0,0.0,0.0,0.0
164,164,0.0,0.0,0.0,0.0,0.0,59.6038227073099,85.84083371210646,0.0,54.228544054578556,0.0,0.0,0.0,0.0,0.0,0.0,0.0,0.0,0.0,0.0,0.0,0.0,0.0,0.0,0.0,0.0,0.0,0.0,0.0,0.0,0.0,0.0,0.0
165,165,0.0,0.0,0.0,0.0,0.0,68.90312663027727,79.62381174417314,0.0,65.14384338473482,0.0,0.0,0.0,0.0,0.0,0.0,0.0,0.0,0.0,0.0,0.0,0.0,0.0,0.0,0.0,0.0,0.0,0.0,0.0,0.0,0.0,0.0,0.0
166,166,0.0,0.0,0.0,0.0,0.0,64.86395197722146,77.1128474223553,0.0,71.677596656805,0.0,0.0,0.0,0.0,0.0,0.0,0.0,0.0,0.0,0.0,0.0,0.0,0.0,0.0,0.0,0.0,0.0,0.0,0.0,0.0,0.0,0.0,0.0
167,167,0.0,0.0,0.0,0.0,0.0,65.3756973877138,80.28995148337832,0.0,73.22376119899684,0.0,0.0,0.0,0.0,0.0,0.0,0.0,0.0,0.0,0.0,0.0,0.0,0.0,0.0,0.0,0.0,0.0,0.0,0.0,0.0,0.0,0.0,0.0
168,168,0.0,0.0,0.0,0.0,0.0,58.979258887335966,79.44010453022454,0.0,69.11900398144067,0.0,0.0,0.0,0.0,0.0,0.0,0.0,0.0,0.0,0.0,0.0,0.0,0.0,0.0,0.0,0.0,0.0,0.0,0.0,0.0,0.0,0.0,0.0
169,169,0.0,0.0,0.0,0.0,0.0,62.844579061623925,83.21724337437016,0.0,73.8772651343188,0.0,0.0,0.0,0.0,0.0,0.0,0.0,0.0,0.0,0.0,0.0,0.0,0.0,0.0,0.0,0.0,0.0,0.0,0.0,0.0,0.0,0.0,0.0
170,170,0.0,0.0,0.0,0.0,0.0,54.78972280059249,76.02802026736937,0.0,66.2662254538287,0.0,0.0,0.0,0.0,0.0,0.0,0.0,0.0,0.0,0.0,0.0,0.0,0.0,0.0,0.0,0.0,0.0,0.0,0.0,0.0,0.0,0.0,0.0
171,171,0.0,0.0,0.0,0.0,0.0,61.85028522989519,75.65028328432184,0.0,62.455993771284525,0.0,0.0,0.0,0.0,0.0,0.0,0.0,0.0,0.0,0.0,0.0,0.0,0.0,0.0,0.0,0.0,0.0,0.0,0.0,0.0,0.0,0.0,0.0
172,172,0.0,0.0,0.0,0.0,0.0,78.77677452303963,91.16200146885873,0.0,72.15994826565495,0.0,0.0,0.0,0.0,0.0,0.0,0.0,0.0,0.0,0.0,0.0,0.0,0.0,0.0,0.0,0.0,0.0,0.0,0.0,0.0,0.0,0.0,0.0
173,173,0.0,0.0,0.0,0.0,0.0,50.38890660309196,92.84789956155598,0.0,73.73274126644455,0.0,0.0,0.0,0.0,0.0,0.0,0.0,0.0,0.0,0.0,0.0,0.0,0.0,0.0,0.0,0.0,0.0,0.0,0.0,0.0,0.0,0.0,0.0
174,174,0.0,0.0,0.0,0.0,0.0,72.41474514237134,81.53199330127148,0.0,71.57050492119252,0.0,0.0,0.0,0.0,0.0,0.0,0.0,0.0,0.0,0.0,0.0,0.0,0.0,0.0,0.0,0.0,0.0,0.0,0.0,0.0,0.0,0.0,0.0
175,175,0.0,0.0,0.0,0.0,0.0,66.79305708381155,72.41607756413607,0.0,64.52481170217534,0.0,0.0,0.0,0.0,0.0,0.0,0.0,0.0,0.0,0.0,0.0,0.0,0.0,0.0,0.0,0.0,0.0,0.0,0.0,0.0,0.0,0.0,0.0
176,176,0.0,0.0,0.0,0.0,0.0,66.88857940091205,83.31281548230135,0.0,65.62040611255773,0.0,0.0,0.0,0.0,0.0,0.0,0.0,0.0,0.0,0.0,0.0,0.0,0.0,0.0,0.0,0.0,0.0,0.0,0.0,0.0,0.0,0.0,0.0
177,177,0.0,0.0,0.0,0.0,0.0,60.59691825477791,86.29364256833871,0.0,64.06323868797625,0.0,0.0,0.0,0.0,0.0,0.0,0.0,0.0,0.0,0.0,0.0,0.0,0.0,0.0,0.0,0.0,0.0,0.0,0.0,0.0,0.0,0.0,0.0
178,178,0.0,0.0,0.0,0.0,0.0,58.93626339793842,87.37830699831322,0.0,65.8631942590609,0.0,0.0,0.0,0.0,0.0,0.0,0.0,0.0,0.0,0.0,0.0,0.0,0.0,0.0,0.0,0.0,0.0,0.0,0.0,0.0,0.0,0.0,0.0
179,179,0.0,0.0,0.0,0.0,0.0,67.45561232845543,77.98715058137154,0.0,66.8597779399236,0.0,0.0,0.0,0.0,0.0,0.0,0.0,0.0,0.0,0.0,0.0,0.0,0.0,0.0,0.0,0.0,0.0,0.0,0.0,0.0,0.0,0.0,0.0
180,180,0.0,0.0,0.0,0.0,0.0,59.429670521211165,91.12502620472782,0.0,75.76400122111279,0.0,0.0,0.0,0.0,0.0,0.0,0.0,0.0,0.0,0.0,0.0,0.0,0.0,0.0,0.0,0.0,0.0,0.0,0.0,0.0,0.0,0.0,0.0
181,181,0.0,0.0,0.0,0.0,0.0,59.1484875697049,90.9965482320181,0.0,68.51729561330295,0.0,0.0,0.0,0.0,0.0,0.0,0.0,0.0,0.0,0.0,0.0,0.0,0.0,0.0,0.0,0.0,0.0,0.0,0.0,0.0,0.0,0.0,0.0
182,182,0.0,0.0,0.0,0.0,0.0,54.05778500924014,74.2149529923862,0.0,80.63325040957538,0.0,0.0,0.0,0.0,0.0,0.0,0.0,0.0,0.0,0.0,0.0,0.0,0.0,0.0,0.0,0.0,0.0,0.0,0.0,0.0,0.0,0.0,0.0
183,183,0.0,0.0,0.0,0.0,0.0,56.17119725040821,71.88079850273839,0.0,79.66526504832497,0.0,0.0,0.0,0.0,0.0,0.0,0.0,0.0,0.0,0.0,0.0,0.0,0.0,0.0,0.0,0.0,0.0,0.0,0.0,0.0,0.0,0.0,0.0
184,184,0.0,0.0,0.0,0.0,0.0,69.12366557457283,65.18347071848753,0.0,72.40644424013823,0.0,0.0,0.0,0.0,0.0,0.0,0.0,0.0,0.0,0.0,0.0,0.0,0.0,0.0,0.0,0.0,0.0,0.0,0.0,0.0,0.0,0.0,0.0
185,185,0.0,0.0,0.0,0.0,0.0,61.36143134732353,84.67352904025982,0.0,69.12246957800559,0.0,0.0,0.0,0.0,0.0,0.0,0.0,0.0,0.0,0.0,0.0,0.0,0.0,0.0,0.0,0.0,0.0,0.0,0.0,0.0,0.0,0.0,0.0
186,186,0.0,0.0,0.0,0.0,0.0,60.18405214552361,71.3641627769735,0.0,70.24619095326841,0.0,0.0,0.0,0.0,0.0,0.0,0.0,0.0,0.0,0.0,0.0,0.0,0.0,0.0,0.0,0.0,0.0,0.0,0.0,0.0,0.0,0.0,0.0
187,187,0.0,0.0,0.0,0.0,0.0,68.28036450739918,88.59550525317778,0.0,68.2517027565015,0.0,0.0,0.0,0.0,0.0,0.0,0.0,0.0,0.0,0.0,0.0,0.0,0.0,0.0,0.0,0.0,0.0,0.0,0.0,0.0,0.0,0.0,0.0
188,188,0.0,0.0,0.0,0.0,0.0,59.10421101512313,86.1081889012786,0.0,83.28872422840934,50.69140178267566,53.54766743517777,0.0,0.0,0.0,0.0,0.0,0.0,0.0,0.0,0.0,0.0,0.0,0.0,0.0,0.0,0.0,0.0,0.0,0.0,0.0,0.0,0.0
189,189,0.0,0.0,0.0,0.0,0.0,62.69526849215557,76.80829562052193,0.0,77.78139222777091,63.8625786278258,41.36447809480769,0.0,0.0,0.0,0.0,0.0,0.0,0.0,0.0,0.0,0.0,0.0,0.0,0.0,0.0,0.0,0.0,0.0,0.0,0.0,0.0,0.0
190,190,0.0,0.0,0.0,0.0,0.0,44.25188388318828,70.809446750613,0.0,64.4962468530997,43.929010676813625,50.478924631912804,0.0,0.0,0.0,0.0,0.0,0.0,0.0,0.0,0.0,0.0,0.0,0.0,0.0,0.0,0.0,0.0,0.0,0.0,0.0,0.0,0.0
191,191,0.0,0.0,0.0,0.0,0.0,53.85269813539329,72.20274742874514,0.0,64.88167997955836,54.98372063515657,56.502366053156514,0.0,0.0,0.0,0.0,0.0,0.0,0.0,0.0,0.0,0.0,0.0,0.0,0.0,0.0,0.0,0.0,0.0,0.0,0.0,0.0,0.0
192,192,0.0,0.0,0.0,0.0,0.0,53.27480046545834,76.75366621698683,0.0,84.8281852623871,49.807447886564674,47.249152385419876,0.0,0.0,0.0,0.0,0.0,0.0,0.0,0.0,0.0,0.0,0.0,0.0,0.0,0.0,0.0,0.0,0.0,0.0,0.0,0.0,0.0
193,193,0.0,0.0,0.0,0.0,0.0,61.842817217040825,93.76733126810745,0.0,67.74298894828166,55.70402739352479,44.78689217920945,0.0,0.0,0.0,0.0,0.0,0.0,0.0,0.0,0.0,0.0,0.0,0.0,0.0,0.0,0.0,0.0,0.0,0.0,0.0,0.0,0.0
194,194,0.0,0.0,0.0,0.0,0.0,56.06967224370175,66.33374224409516,0.0,79.07914465712693,49.62404032595958,49.60159472151874,0.0,0.0,0.0,0.0,0.0,0.0,0.0,0.0,0.0,0.0,0.0,0.0,0.0,0.0,0.0,0.0,0.0,0.0,0.0,0.0,0.0
195,195,0.0,0.0,0.0,0.0,0.0,56.320571982351936,64.87735954604636,0.0,77.98927524262447,44.09245151791401,63.97745697511524,0.0,0.0,0.0,0.0,0.0,0.0,0.0,0.0,0.0,0.0,0.0,0.0,0.0,0.0,0.0,0.0,0.0,0.0,0.0,0.0,0.0
196,196,0.0,0.0,0.0,0.0,0.0,55.305157095198126,78.66039324979798,0.0,77.95903724972013,42.05472885428918,57.00333922577519,0.0,0.0,0.0,0.0,0.0,0.0,0.0,0.0,0.0,0.0,0.0,0.0,0.0,0.0,0.0,0.0,0.0,0.0,0.0,0.0,0.0
197,197,0.0,0.0,0.0,0.0,0.0,46.548539390346846,74.0422597033191,0.0,74.38037673415045,65.1869424748207,59.80506153409119,0.0,0.0,0.0,0.0,0.0,0.0,0.0,0.0,0.0,0.0,0.0,0.0,0.0,0.0,0.0,0.0,0.0,0.0,0.0,0.0,0.0
198,198,0.0,0.0,0.0,0.0,0.0,67.74675110237256,86.76950477482735,0.0,80.52618982987431,47.64977019526387,42.71683365465523,0.0,0.0,0.0,0.0,0.0,0.0,0.0,0.0,0.0,0.0,0.0,0.0,0.0,0.0,0.0,0.0,0.0,0.0,0.0,0.0,0.0
199,199,0.0,0.0,0.0,0.0,0.0,63.878485366186574,62.30000865428636,0.0,66.7115814977644,50.62471351005879,53.59254801634588,0.0,0.0,0.0,0.0,0.0,0.0,0.0,0.0,0.0,0.0,0.0,0.0,0.0,0.0,0.0,0.0,0.0,0.0,0.0,0.0,0.0
200,200,0.0,0.0,0.0,0.0,0.0,47.52696191812539,56.96514218843825,0.0,72.91353347384822,33.51685361467733,61.100092642955346,0.0,0.0,0.0,0.0,0.0,0.0,0.0,0.0,0.0,0.0,0.0,0.0,0.0,0.0,0.0,0.0,0.0,0.0,0.0,0.0,0.0
201,201,0.0,0.0,0.0,0.0,0.0,61.71375637698591,79.03720966828116,0.0,65.39018637559492,67.03094915923805,66.9448251029367,0.0,0.0,0.0,0.0,0.0,0.0,0.0,0.0,0.0,0.0,0.0,0.0,0.0,0.0,0.0,0.0,0.0,0.0,0.0,0.0,0.0
202,202,0.0,0.0,0.0,0.0,0.0,56.59221671511499,79.56329681766013,0.0,74.44648440958383,60.40696209410153,51.60970045021666,0.0,0.0,0.0,0.0,0.0,0.0,0.0,0.0,0.0,0.0,0.0,0.0,0.0,0.0,0.0,0.0,0.0,0.0,0.0,0.0,0.0
203,203,0.0,0.0,0.0,0.0,0.0,49.502878446129145,60.06668076424904,0.0,89.27197194369438,67.9661372808032,44.63881144539588,0.0,0.0,0.0,0.0,0.0,0.0,0.0,0.0,0.0,0.0,0.0,0.0,0.0,0.0,0.0,0.0,0.0,0.0,0.0,0.0,0.0
204,204,0.0,0.0,0.0,0.0,0.0,60.47752363872422,75.66670521081589,0.0,77.87345951753065,52.58973371429637,48.637776011780275,0.0,0.0,0.0,0.0,0.0,0.0,0.0,0.0,0.0,0.0,0.0,0.0,0.0,0.0,0.0,0.0,0.0,0.0,0.0,0.0,0.0
205,205,0.0,0.0,0.0,0.0,0.0,61.7929423785321,56.6645836435414,0.0,86.5183121222532,64.14555025050207,55.06132002171516,0.0,0.0,0.0,0.0,0.0,0.0,0.0,0.0,0.0,0.0,0.0,0.0,0.0,0.0,0.0,0.0,0.0,0.0,0.0,0.0,0.0
206,206,0.0,0.0,0.0,0.0,0.0,63.781282127941815,58.932838542061624,0.0,84.81831540778691,45.33711109782528,53.629775720285664,0.0,0.0,0.0,0.0,0.0,0.0,0.0,0.0,0.0,0.0,0.0,0.0,0.0,0.0,0.0,0.0,0.0,0.0,0.0,0.0,0.0
207,207,0.0,0.0,0.0,0.0,0.0,54.92407839980043,73.41711977340756,0.0,92.39883971807065,58.658989325467644,63.40457158312097,0.0,0.0,0.0,0.0,0.0,0.0,0.0,0.0,0.0,0.0,0.0,0.0,0.0,0.0,0.0,0.0,0.0,0.0,0.0,0.0,0.0
208,208,0.0,0.0,0.0,0.0,0.0,50.03992020416467,57.77959782502819,0.0,76.3886301558888,50.23323597905185,53.05792167422403,0.0,0.0,0.0,0.0,0.0,0.0,0.0,0.0,0.0,0.0,0.0,0.0,0.0,0.0,0.0,0.0,0.0,0.0,0.0,0.0,0.0
209,209,0.0,0.0,0.0,0.0,0.0,54.012288237905864,65.09304462817599,0.0,78.7117129617574,59.29183018927864,51.601332812450934,0.0,0.0,0.0,0.0,0.0,0.0,0.0,0.0,0.0,0.0,0.0,0.0,0.0,0.0,0.0,0.0,0.0,0.0,0.0,0.0,0.0
210,210,0.0,0.0,0.0,0.0,0.0,49.37586140390951,64.45565620234143,0.0,74.44032498247859,69.14017390326067,65.51551049046951,0.0,0.0,0.0,0.0,0.0,0.0,0.0,0.0,0.0,0.0,0.0,0.0,0.0,0.0,0.0,0.0,0.0,0.0,0.0,0.0,0.0
211,211,0.0,0.0,0.0,0.0,0.0,0.0,57.40744618755265,0.0,79.77328436166326,78.58416585816113,55.82375703044763,0.0,0.0,0.0,0.0,0.0,0.0,0.0,0.0,0.0,0.0,0.0,0.0,0.0,0.0,0.0,0.0,0.0,0.0,0.0,0.0,0.0
212,212,0.0,0.0,0.0,0.0,0.0,0.0,80.3325701970621,0.0,68.94137902232146,60.09074517673252,51.44236780423934,0.0,0.0,0.0,0.0,0.0,0.0,0.0,0.0,0.0,0.0,0.0,0.0,0.0,0.0,0.0,0.0,0.0,0.0,0.0,0.0,0.0
213,213,0.0,0.0,0.0,0.0,0.0,0.0,71.50174912273505,0.0,73.87095882482558,74.11157718569825,51.69986335251143,0.0,0.0,0.0,0.0,0.0,0.0,0.0,0.0,0.0,0.0,0.0,0.0,0.0,0.0,0.0,0.0,0.0,0.0,0.0,0.0,0.0
214,214,0.0,0.0,0.0,0.0,0.0,0.0,70.04886529961058,0.0,73.36139247471611,48.65918494149455,63.49292932774304,0.0,0.0,0.0,0.0,0.0,0.0,0.0,0.0,0.0,0.0,0.0,0.0,0.0,0.0,0.0,0.0,0.0,0.0,0.0,0.0,0.0
215,215,0.0,0.0,0.0,0.0,0.0,0.0,54.59173742990798,0.0,82.72822600156034,58.393288392648785,46.639710539527194,0.0,0.0,0.0,0.0,0.0,0.0,0.0,0.0,0.0,0.0,0.0,0.0,0.0,0.0,0.0,0.0,0.0,0.0,0.0,0.0,0.0
216,216,0.0,0.0,0.0,0.0,0.0,0.0,69.0609813287481,0.0,73.05963285549277,49.01922250365267,55.23056856985413,0.0,0.0,0.0,0.0,0.0,0.0,0.0,0.0,0.0,0.0,0.0,0.0,0.0,0.0,0.0,0.0,0.0,0.0,0.0,0.0,0.0
217,217,0.0,0.0,0.0,0.0,0.0,0.0,63.727972336024635,0.0,89.86162539775717,60.96882026305611,44.306535336785934,0.0,0.0,0.0,0.0,0.0,0.0,0.0,0.0,0.0,0.0,0.0,0.0,0.0,0.0,0.0,0.0,0.0,0.0,0.0,0.0,0.0
218,218,0.0,0.0,0.0,0.0,0.0,0.0,68.7060605651299,0.0,62.603236930961415,64.46954988350728,62.71788787299658,0.0,0.0,0.0,0.0,0.0,0.0,0.0,0.0,0.0,0.0,0.0,0.0,0.0,0.0,0.0,0.0,0.0,0.0,0.0,0.0,0.0
219,219,0.0,0.0,0.0,0.0,0.0,0.0,61.434321369256025,0.0,78.12433470621382,69.50094647086124,59.135707824804484,0.0,0.0,0.0,0.0,0.0,0.0,0.0,0.0,0.0,0.0,0.0,0.0,0.0,0.0,0.0,0.0,0.0,0.0,0.0,0.0,0.0
220,220,0.0,0.0,0.0,0.0,0.0,0.0,70.54379377478979,0.0,84.80786727515914,60.65475768495952,46.39883352477317,0.0,0.0,0.0,0.0,0.0,0.0,0.0,0.0,0.0,0.0,0.0,0.0,0.0,0.0,0.0,0.0,0.0,0.0,0.0,0.0,0.0
221,221,0.0,0.0,0.0,0.0,0.0,0.0,65.21125737923808,0.0,86.11613522657925,54.796361079996025,56.20524325584401,0.0,0.0,0.0,0.0,0.0,0.0,0.0,0.0,0.0,0.0,0.0,0.0,0.0,0.0,0.0,0.0,0.0,0.0,0.0,0.0,0.0
222,222,0.0,0.0,0.0,0.0,0.0,0.0,63.21186970917056,0.0,69.18299120747749,63.06597106806798,70.99435676559636,0.0,0.0,0.0,0.0,0.0,0.0,0.0,0.0,0.0,0.0,0.0,0.0,0.0,0.0,0.0,0.0,0.0,0.0,0.0,0.0,0.0
223,223,0.0,0.0,0.0,0.0,0.0,0.0,67.92122011353665,0.0,70.25399917761273,65.06292677768428,42.57858723149967,0.0,0.0,0.0,0.0,0.0,0.0,0.0,0.0,0.0,0.0,0.0,0.0,0.0,0.0,0.0,0.0,0.0,0.0,0.0,0.0,0.0
224,224,0.0,0.0,0.0,0.0,0.0,0.0,60.31586166394575,0.0,68.18516271494678,55.01230849747171,59.985955186253946,0.0,0.0,0.0,0.0,0.0,0.0,0.0,0.0,0.0,0.0,0.0,0.0,0.0,0.0,0.0,0.0,0.0,0.0,0.0,0.0,0.0
225,225,0.0,0.0,0.0,0.0,0.0,0.0,61.616943060572794,0.0,87.42569345380812,62.86380617434129,65.36635999724035,54.65926952162117,55.1805236612263,0.0,0.0,0.0,0.0,0.0,0.0,0.0,0.0,0.0,0.0,0.0,0.0,0.0,0.0,0.0,0.0,0.0,0.0,0.0
226,226,0.0,0.0,0.0,0.0,0.0,0.0,56.4174476239812,0.0,87.2273425573938,54.37669756220923,48.63870489649033,48.08152738376971,51.48477652047188,0.0,0.0,0.0,0.0,0.0,0.0,0.0,0.0,0.0,0.0,0.0,0.0,0.0,0.0,0.0,0.0,0.0,0.0,0.0
227,227,0.0,0.0,0.0,0.0,0.0,0.0,56.34081374906266,0.0,67.91724440573584,64.11901717176407,63.3114260052528,58.30035127039827,54.10223908614862,0.0,0.0,0.0,0.0,0.0,0.0,0.0,0.0,0.0,0.0,0.0,0.0,0.0,0.0,0.0,0.0,0.0,0.0,0.0
228,228,0.0,0.0,0.0,0.0,0.0,0.0,54.04319137878999,0.0,62.87503191969581,77.0876658299993,54.82113692174465,58.17686678915875,41.886985082696455,0.0,0.0,0.0,0.0,0.0,0.0,0.0,0.0,0.0,0.0,0.0,0.0,0.0,0.0,0.0,0.0,0.0,0.0,0.0
229,229,0.0,0.0,0.0,0.0,0.0,0.0,66.00678846886177,0.0,60.62165770511443,73.10681148494658,63.190958317903736,54.41694593293981,42.60808830218792,0.0,0.0,0.0,0.0,0.0,0.0,0.0,0.0,0.0,0.0,0.0,0.0,0.0,0.0,0.0,0.0,0.0,0.0,0.0
230,230,0.0,0.0,0.0,0.0,0.0,0.0,60.15923475614034,0.0,82.43727691966868,62.07348833773316,40.75623483644183,41.53963594796873,64.593690241445,0.0,0.0,0.0,0.0,0.0,0.0,0.0,0.0,0.0,0.0,0.0,0.0,0.0,0.0,0.0,0.0,0.0,0.0,0.0
231,231,0.0,0.0,0.0,0.0,0.0,0.0,42.3249510824073,0.0,74.2503989876546,57.81600780489187,71.17392427492366,51.92633757649068,60.653837255290526,0.0,0.0,0.0,0.0,0.0,0.0,0.0,0.0,0.0,0.0,0.0,0.0,0.0,0.0,0.0,0.0,0.0,0.0,0.0
232,232,0.0,0.0,0.0,0.0,0.0,0.0,67.87864746247219,0.0,69.43067977945942,67.89715038647917,61.26173350233764,62.33148079800745,70.75756965849259,0.0,0.0,0.0,0.0,0.0,0.0,0.0,0.0,0.0,0.0,0.0,0.0,0.0,0.0,0.0,0.0,0.0,0.0,0.0
233,233,0.0,0.0,0.0,0.0,0.0,0.0,68.97631433552259,0.0,72.32037554078181,66.19688340549362,56.71785542205828,51.123593651782336,49.53143425417527,0.0,0.0,0.0,0.0,0.0,0.0,0.0,0.0,0.0,0.0,0.0,0.0,0.0,0.0,0.0,0.0,0.0,0.0,0.0
234,234,0.0,0.0,0.0,0.0,0.0,0.0,48.61335311906283,0.0,82.58553658284518,62.7323802224838,62.97609196028401,38.17654020140022,48.85707252887736,0.0,0.0,0.0,0.0,0.0,0.0,0.0,0.0,0.0,0.0,0.0,0.0,0.0,0.0,0.0,0.0,0.0,0.0,0.0
235,235,0.0,0.0,0.0,0.0,0.0,0.0,48.11458352158128,0.0,69.76760952852005,74.93913911888605,56.43959756059702,46.31955098340862,51.485848845183746,0.0,0.0,0.0,0.0,0.0,0.0,0.0,0.0,0.0,0.0,0.0,0.0,0.0,0.0,0.0,0.0,0.0,0.0,0.0
236,236,0.0,0.0,0.0,0.0,0.0,0.0,59.66067714780371,0.0,70.09466882961875,71.18796580812528,67.25971972776885,53.22796261731819,49.108986184108566,0.0,0.0,0.0,0.0,0.0,0.0,0.0,0.0,0.0,0.0,0.0,0.0,0.0,0.0,0.0,0.0,0.0,0.0,0.0
237,237,0.0,0.0,0.0,0.0,0.0,0.0,57.981496667489836,0.0,57.724020992683045,81.40570354172159,60.57809766174988,56.93231824389056,62.15252364095524,0.0,0.0,0.0,0.0,0.0,0.0,0.0,0.0,0.0,0.0,0.0,0.0,0.0,0.0,0.0,0.0,0.0,0.0,0.0
238,238,0.0,0.0,0.0,0.0,0.0,0.0,55.386942938644,0.0,76.7267837124561,72.94882246279138,67.40617076443345,37.28316360578062,59.56561996723764,0.0,0.0,0.0,0.0,0.0,0.0,0.0,0.0,0.0,0.0,0.0,0.0,0.0,0.0,0.0,0.0,0.0,0.0,0.0
239,239,0.0,0.0,0.0,0.0,0.0,0.0,55.327297240045844,0.0,68.87945473513332,79.98785235626309,51.402885373148536,56.21510044418024,64.8394166657184,0.0,0.0,0.0,0.0,0.0,0.0,0.0,0.0,0.0,0.0,0.0,0.0,0.0,0.0,0.0,0.0,0.0,0.0,0.0
240,240,0.0,0.0,0.0,0.0,0.0,0.0,48.237940118057054,0.0,65.98976245562312,51.082372525296314,65.9044045220671,55.21838975130993,46.36465933736205,0.0,0.0,0.0,0.0,0.0,0.0,0.0,0.0,0.0,0.0,0.0,0.0,0.0,0.0,0.0,0.0,0.0,0.0,0.0
241,241,0.0,0.0,0.0,0.0,0.0,0.0,51.19711251376243,0.0,77.585799703997,88.34878826577577,64.74474910050324,40.954950003034725,67.67648171485243,0.0,0.0,0.0,0.0,0.0,0.0,0.0,0.0,0.0,0.0,0.0,0.0,0.0,0.0,0.0,0.0,0.0,0.0,0.0
242,242,0.0,0.0,0.0,0.0,0.0,0.0,43.22965270828515,0.0,76.10353688810595,70.82436959059126,49.91530727078188,50.70913297058235,76.02733047027832,0.0,0.0,0.0,0.0,0.0,0.0,0.0,0.0,0.0,0.0,0.0,0.0,0.0,0.0,0.0,0.0,0.0,0.0,0.0
243,243,0.0,0.0,0.0,0.0,0.0,0.0,54.33775488472227,0.0,69.39998585014482,84.5000968108451,47.14056149936505,49.273098613276844,61.55878727752807,0.0,0.0,0.0,0.0,0.0,0.0,0.0,0.0,0.0,0.0,0.0,0.0,0.0,0.0,0.0,0.0,0.0,0.0,0.0
244,244,0.0,0.0,0.0,0.0,0.0,0.0,33.64462091432401,0.0,63.41423232568893,64.31506631922078,49.54923637270805,43.663549916860404,58.173591274410526,0.0,0.0,0.0,0.0,0.0,0.0,0.0,0.0,0.0,0.0,0.0,0.0,0.0,0.0,0.0,0.0,0.0,0.0,0.0
245,245,0.0,0.0,0.0,0.0,0.0,0.0,43.402009569468774,0.0,67.09426359264799,57.97092968061159,55.35417832675261,50.00303888778987,48.82883549268419,0.0,0.0,0.0,0.0,0.0,0.0,0.0,0.0,0.0,0.0,0.0,0.0,0.0,0.0,0.0,0.0,0.0,0.0,0.0
246,246,0.0,0.0,0.0,0.0,0.0,0.0,46.43653213819262,0.0,61.38726196098736,61.63044607054496,54.256113926445536,54.81386188688917,52.65903619813142,0.0,0.0,0.0,0.0,0.0,0.0,0.0,0.0,0.0,0.0,0.0,0.0,0.0,0.0,0.0,0.0,0.0,0.0,0.0
247,247,0.0,0.0,0.0,0.0,0.0,0.0,55.51096215279383,0.0,76.89119293626976,63.63047546233932,61.27478283914941,56.51392888683847,54.16727127290661,0.0,0.0,0.0,0.0,0.0,0.0,0.0,0.0,0.0,0.0,0.0,0.0,0.0,0.0,0.0,0.0,0.0,0.0,0.0
248,248,0.0,0.0,0.0,0.0,0.0,0.0,49.05623869587972,0.0,74.68682128570703,70.37525219616151,72.88850324656812,57.03583511551288,66.14568215256011,0.0,0.0,0.0,0.0,0.0,0.0,0.0,0.0,0.0,0.0,0.0,0.0,0.0,0.0,0.0,0.0,0.0,0.0,0.0
249,249,0.0,0.0,0.0,0.0,0.0,0.0,0.0,0.0,65.72245619735163,73.56378060126619,48.15477154912348,46.88111951932139,66.57786960105523,0.0,0.0,0.0,0.0,0.0,0.0,0.0,0.0,0.0,0.0,0.0,0.0,0.0,0.0,0.0,0.0,0.0,0.0,0.0
250,250,0.0,0.0,0.0,0.0,0.0,0.0,0.0,0.0,73.06048124644838,58.77679697744747,56.855763720905934,53.783111304530536,57.2976769893656,0.0,0.0,0.0,0.0,0.0,0.0,0.0,0.0,0.0,0.0,0.0,0.0,0.0,0.0,0.0,0.0,0.0,0.0,0.0
251,251,0.0,0.0,0.0,0.0,0.0,0.0,0.0,0.0,69.83818861013417,74.06596739939978,62.69137532874377,60.80775409435693,66.5004431687911,0.0,0.0,0.0,0.0,0.0,0.0,0.0,0.0,0.0,0.0,0.0,0.0,0.0,0.0,0.0,0.0,0.0,0.0,0.0
252,252,0.0,0.0,0.0,0.0,0.0,0.0,0.0,0.0,68.32061439078251,62.13885979581709,47.5858685831882,54.10510083603113,56.28327891280856,0.0,0.0,0.0,0.0,0.0,0.0,0.0,0.0,0.0,0.0,0.0,0.0,0.0,0.0,0.0,0.0,0.0,0.0,0.0
253,253,0.0,0.0,0.0,0.0,0.0,0.0,0.0,0.0,68.04275626312601,73.06544559701567,43.81249951634214,72.85269668286652,69.84244059219327,0.0,0.0,0.0,0.0,0.0,0.0,0.0,0.0,0.0,0.0,0.0,0.0,0.0,0.0,0.0,0.0,0.0,0.0,0.0
254,254,0.0,0.0,0.0,0.0,0.0,0.0,0.0,0.0,75.71985003627124,72.64373300811583,50.44640599746474,47.935782964675155,59.68278530286807,0.0,0.0,0.0,0.0,0.0,0.0,0.0,0.0,0.0,0.0,0.0,0.0,0.0,0.0,0.0,0.0,0.0,0.0,0.0
255,255,0.0,0.0,0.0,0.0,0.0,0.0,0.0,0.0,65.33314677918652,81.4656309391646,51.233747529915064,0.0,65.05620334441241,0.0,0.0,0.0,0.0,0.0,0.0,0.0,0.0,0.0,0.0,0.0,0.0,0.0,0.0,0.0,0.0,0.0,0.0,0.0
256,256,0.0,0.0,0.0,0.0,0.0,0.0,0.0,0.0,61.554295367625016,70.82845411415394,73.13553893153406,0.0,43.66936571012131,45.01989902599208,0.0,0.0,0.0,0.0,0.0,0.0,0.0,0.0,0.0,0.0,0.0,0.0,0.0,0.0,0.0,0.0,0.0,0.0
257,257,0.0,0.0,0.0,0.0,0.0,0.0,0.0,0.0,63.51583877268018,76.23084526163487,65.48755835778695,0.0,67.77813602903004,48.84906125727488,0.0,0.0,0.0,0.0,0.0,0.0,0.0,0.0,0.0,0.0,0.0,0.0,0.0,0.0,0.0,0.0,0.0,0.0
258,258,0.0,0.0,0.0,0.0,0.0,0.0,0.0,0.0,66.23463564939175,61.37696108819806,57.57184976127107,0.0,54.37322094560835,58.49033728285321,0.0,0.0,0.0,0.0,0.0,0.0,0.0,0.0,0.0,0.0,0.0,0.0,0.0,0.0,0.0,0.0,0.0,0.0
259,259,0.0,0.0,0.0,0.0,0.0,0.0,0.0,0.0,60.91080897224062,51.28111807775334,48.4039654113405,0.0,61.68221494913698,62.42386324776601,0.0,0.0,0.0,0.0,0.0,0.0,0.0,0.0,0.0,0.0,0.0,0.0,0.0,0.0,0.0,0.0,0.0,0.0
260,260,0.0,0.0,0.0,0.0,0.0,0.0,0.0,0.0,56.77117404188499,72.71839933173928,53.80716605055008,0.0,69.80615287872936,45.6764271329764,0.0,0.0,0.0,0.0,0.0,0.0,0.0,0.0,0.0,0.0,0.0,0.0,0.0,0.0,0.0,0.0,0.0,0.0
261,261,0.0,0.0,0.0,0.0,0.0,0.0,0.0,0.0,48.81630636203696,84.69915805105252,49.68461776363287,0.0,65.64113551232577,55.13422746961368,0.0,0.0,0.0,0.0,0.0,0.0,0.0,0.0,0.0,0.0,0.0,0.0,0.0,0.0,0.0,0.0,0.0,0.0
262,262,0.0,0.0,0.0,0.0,0.0,0.0,0.0,0.0,65.48184088957635,78.6357430308252,57.55998531207038,0.0,67.2272908630583,49.401226503215824,0.0,0.0,0.0,0.0,0.0,0.0,0.0,0.0,0.0,0.0,0.0,0.0,0.0,0.0,0.0,0.0,0.0,0.0
263,263,0.0,0.0,0.0,0.0,0.0,0.0,0.0,0.0,48.31561704019142,66.84400509709674,70.91032369485997,0.0,55.7587553090205,59.59601001878647,0.0,0.0,0.0,0.0,0.0,0.0,0.0,0.0,0.0,0.0,0.0,0.0,0.0,0.0,0.0,0.0,0.0,0.0
264,264,0.0,0.0,0.0,0.0,0.0,0.0,0.0,0.0,68.57519768215123,72.80939946067782,55.50874409123155,0.0,74.23376783631973,48.23959665249924,0.0,0.0,0.0,0.0,0.0,0.0,0.0,0.0,0.0,0.0,0.0,0.0,0.0,0.0,0.0,0.0,0.0,0.0
265,265,0.0,0.0,0.0,0.0,0.0,0.0,0.0,0.0,50.883147513927064,79.96233072506513,49.35191977418616,0.0,79.14241603348489,48.58158920070159,0.0,0.0,0.0,0.0,0.0,0.0,0.0,0.0,0.0,0.0,0.0,0.0,0.0,0.0,0.0,0.0,0.0,0.0
266,266,0.0,0.0,0.0,0.0,0.0,0.0,0.0,0.0,60.428797180902045,77.56399920187378,48.13780665564851,0.0,82.44095718217096,53.084224798102696,0.0,0.0,0.0,0.0,0.0,0.0,0.0,0.0,0.0,0.0,0.0,0.0,0.0,0.0,0.0,0.0,0.0,0.0
267,267,0.0,0.0,0.0,0.0,0.0,0.0,0.0,0.0,77.14354467295135,75.75433656883214,50.80164025092163,0.0,71.26852403594796,47.68934625124609,0.0,0.0,0.0,0.0,0.0,0.0,0.0,0.0,0.0,0.0,0.0,0.0,0.0,0.0,0.0,0.0,0.0,0.0
268,268,0.0,0.0,0.0,0.0,0.0,0.0,0.0,0.0,58.20704838713701,90.12007714292942,57.221780296931485,0.0,74.84111056812874,48.841502040885146,0.0,0.0,0.0,0.0,0.0,0.0,0.0,0.0,0.0,0.0,0.0,0.0,0.0,0.0,0.0,0.0,0.0,0.0
269,269,0.0,0.0,0.0,0.0,0.0,0.0,0.0,0.0,48.06878035294521,67.19786726572704,51.817058609724285,0.0,80.46358974691398,56.16840404809494,0.0,0.0,0.0,0.0,0.0,0.0,0.0,0.0,0.0,0.0,0.0,0.0,0.0,0.0,0.0,0.0,0.0,0.0
270,270,0.0,0.0,0.0,0.0,0.0,0.0,0.0,0.0,68.19902314740574,68.84595016629227,60.11869928680447,0.0,61.92119609674172,56.787113096925495,0.0,0.0,0.0,0.0,0.0,0.0,0.0,0.0,0.0,0.0,0.0,0.0,0.0,0.0,0.0,0.0,0.0,0.0
271,271,0.0,0.0,0.0,0.0,0.0,0.0,0.0,0.0,66.74784652846878,64.17160903676385,46.7538260713398,0.0,63.87553550118446,39.80246922152478,0.0,0.0,0.0,0.0,0.0,0.0,0.0,0.0,0.0,0.0,0.0,0.0,0.0,0.0,0.0,0.0,0.0,0.0
272,272,0.0,0.0,0.0,0.0,0.0,0.0,0.0,0.0,59.99062947642107,60.5050563052284,45.208834727721545,0.0,70.79088617941098,56.35750375467241,0.0,0.0,0.0,0.0,0.0,0.0,0.0,0.0,0.0,0.0,0.0,0.0,0.0,0.0,0.0,0.0,0.0,0.0
273,273,0.0,0.0,0.0,0.0,0.0,0.0,0.0,0.0,59.06226864274177,60.32714949560339,59.00399998986946,0.0,71.58730614044951,56.26738372594876,0.0,0.0,0.0,0.0,0.0,0.0,0.0,0.0,0.0,0.0,0.0,0.0,0.0,0.0,0.0,0.0,0.0,0.0
274,274,0.0,0.0,0.0,0.0,0.0,0.0,0.0,0.0,51.91814656395028,51.24534986397765,40.418814297022855,0.0,84.28065324155934,61.54222452777033,0.0,0.0,0.0,0.0,0.0,0.0,0.0,0.0,0.0,0.0,0.0,0.0,0.0,0.0,0.0,0.0,0.0,0.0
275,275,0.0,0.0,0.0,0.0,0.0,0.0,0.0,0.0,60.35812848622881,66.32693611269016,48.07517921587244,0.0,54.014447948260596,60.02173706126548,0.0,0.0,0.0,0.0,0.0,0.0,0.0,0.0,0.0,0.0,0.0,0.0,0.0,0.0,0.0,0.0,0.0,0.0
276,276,0.0,0.0,0.0,0.0,0.0,0.0,0.0,0.0,51.559028978189914,81.87315673115495,47.65256323465688,0.0,77.51181873511239,67.51928349278742,0.0,0.0,0.0,0.0,0.0,0.0,0.0,0.0,0.0,0.0,0.0,0.0,0.0,0.0,0.0,0.0,0.0,0.0
277,277,0.0,0.0,0.0,0.0,0.0,0.0,0.0,0.0,61.62458268605097,60.859059230642416,55.24034787024453,0.0,76.8069219562575,56.68220235972125,0.0,0.0,0.0,0.0,0.0,0.0,0.0,0.0,0.0,0.0,0.0,0.0,0.0,0.0,0.0,0.0,0.0,0.0
278,278,0.0,0.0,0.0,0.0,0.0,0.0,0.0,0.0,57.383648734058205,58.70079766298879,55.83707868106371,0.0,78.7083517878587,64.7482755474116,0.0,0.0,0.0,0.0,0.0,0.0,0.0,0.0,0.0,0.0,0.0,0.0,0.0,0.0,0.0,0.0,0.0,0.0
279,279,0.0,0.0,0.0,0.0,0.0,0.0,0.0,0.0,76.4621398574353,74.54957415919799,53.099416856805625,0.0,80.06574552870096,83.80073869906455,0.0,0.0,0.0,0.0,0.0,0.0,0.0,0.0,0.0,0.0,0.0,0.0,0.0,0.0,0.0,0.0,0.0,0.0
280,280,0.0,0.0,0.0,0.0,0.0,0.0,0.0,0.0,52.595085306839074,73.9533243179448,45.512119311961925,0.0,86.30311497332394,63.42527010559287,0.0,0.0,0.0,0.0,0.0,0.0,0.0,0.0,0.0,0.0,0.0,0.0,0.0,0.0,0.0,0.0,0.0,0.0
281,281,0.0,0.0,0.0,0.0,0.0,0.0,0.0,0.0,45.91030456243372,63.55755159701978,48.26578265208761,0.0,75.21941600711895,67.28799541203733,0.0,0.0,0.0,0.0,0.0,0.0,0.0,0.0,0.0,0.0,0.0,0.0,0.0,0.0,0.0,0.0,0.0,0.0
282,282,0.0,0.0,0.0,0.0,0.0,0.0,0.0,0.0,37.31324360224422,57.57732933239406,0.0,0.0,92.33730340487654,57.99148290877779,0.0,0.0,0.0,0.0,0.0,0.0,0.0,0.0,0.0,0.0,0.0,0.0,0.0,0.0,0.0,0.0,0.0,0.0
283,283,0.0,0.0,0.0,0.0,0.0,0.0,0.0,0.0,46.642387739903725,65.20250081016982,0.0,0.0,82.89243821850931,60.415139067825514,0.0,0.0,0.0,0.0,0.0,0.0,0.0,0.0,0.0,0.0,0.0,0.0,0.0,0.0,0.0,0.0,0.0,0.0
284,284,0.0,0.0,0.0,0.0,0.0,0.0,0.0,0.0,48.545705784886856,65.83775738415484,0.0,0.0,81.1096687472067,65.01483607558221,0.0,0.0,0.0,0.0,0.0,0.0,0.0,0.0,0.0,0.0,0.0,0.0,0.0,0.0,0.0,0.0,0.0,0.0
285,285,0.0,0.0,0.0,0.0,0.0,0.0,0.0,0.0,59.53348100182863,58.16466376542158,0.0,0.0,75.07209453240164,55.57859582492587,0.0,0.0,0.0,0.0,0.0,0.0,0.0,0.0,0.0,0.0,0.0,0.0,0.0,0.0,0.0,0.0,0.0,0.0
286,286,0.0,0.0,0.0,0.0,0.0,0.0,0.0,0.0,52.40333235049013,62.93055972132697,0.0,0.0,69.77409586529527,68.2585677287906,0.0,0.0,0.0,0.0,0.0,0.0,0.0,0.0,0.0,0.0,0.0,0.0,0.0,0.0,0.0,0.0,0.0,0.0
287,287,0.0,0.0,0.0,0.0,0.0,0.0,0.0,0.0,60.24459948280858,81.25529301299447,0.0,0.0,67.98153146797547,68.97945207783866,0.0,0.0,0.0,0.0,0.0,0.0,0.0,0.0,0.0,0.0,0.0,0.0,0.0,0.0,0.0,0.0,0.0,0.0
288,288,0.0,0.0,0.0,0.0,0.0,0.0,0.0,0.0,39.16918329913673,89.36191741941849,0.0,0.0,62.12048911626395,68.53135778542936,0.0,0.0,0.0,0.0,0.0,0.0,0.0,0.0,0.0,0.0,0.0,0.0,0.0,0.0,0.0,0.0,0.0,0.0
289,289,0.0,0.0,0.0,0.0,0.0,0.0,0.0,0.0,51.72835756462999,65.14739381003133,0.0,0.0,65.22683080978793,77.89250849708152,0.0,0.0,0.0,0.0,0.0,0.0,0.0,0.0,0.0,0.0,0.0,0.0,0.0,0.0,0.0,0.0,0.0,0.0
290,290,0.0,0.0,0.0,0.0,0.0,0.0,0.0,0.0,44.25915169267455,61.74639081382655,0.0,0.0,88.77695119784401,70.06494279378799,0.0,0.0,0.0,0.0,0.0,0.0,0.0,0.0,0.0,0.0,0.0,0.0,0.0,0.0,0.0,0.0,0.0,0.0
291,291,0.0,0.0,0.0,0.0,0.0,0.0,0.0,0.0,47.03894150803764,74.44172388471976,0.0,0.0,66.13626858124934,69.00831644302676,0.0,0.0,0.0,0.0,0.0,0.0,0.0,0.0,0.0,0.0,0.0,0.0,0.0,0.0,0.0,0.0,0.0,0.0
292,292,0.0,0.0,0.0,0.0,0.0,0.0,0.0,0.0,64.47863193406866,76.78949526704841,0.0,0.0,79.4246147007358,73.78277257567177,0.0,0.0,0.0,0.0,0.0,0.0,0.0,0.0,0.0,0.0,0.0,0.0,0.0,0.0,0.0,0.0,0.0,0.0
293,293,0.0,0.0,0.0,0.0,0.0,0.0,0.0,0.0,0.0,58.33737490004663,0.0,0.0,75.57012163973502,52.98733612399359,0.0,0.0,0.0,0.0,0.0,0.0,0.0,0.0,0.0,0.0,0.0,0.0,0.0,0.0,0.0,0.0,0.0,0.0
294,294,0.0,0.0,0.0,0.0,0.0,0.0,0.0,0.0,0.0,68.05723492408988,0.0,0.0,86.99723129647353,73.46874523284349,0.0,0.0,0.0,0.0,0.0,0.0,0.0,0.0,0.0,0.0,0.0,0.0,0.0,0.0,0.0,0.0,0.0,0.0
295,295,0.0,0.0,0.0,0.0,0.0,0.0,0.0,0.0,0.0,70.53762748944395,0.0,0.0,88.26725426243729,79.4976683835837,0.0,0.0,0.0,0.0,0.0,0.0,0.0,0.0,0.0,0.0,0.0,0.0,0.0,0.0,0.0,0.0,0.0,0.0
296,296,0.0,0.0,0.0,0.0,0.0,0.0,0.0,0.0,0.0,48.985707564158005,0.0,0.0,80.70110292641098,66.5198629408732,0.0,0.0,0.0,0.0,0.0,0.0,0.0,0.0,0.0,0.0,0.0,0.0,0.0,0.0,0.0,0.0,0.0,0.0
297,297,0.0,0.0,0.0,0.0,0.0,0.0,0.0,0.0,0.0,62.55080517118789,0.0,0.0,86.48209355532828,64.87833702073362,0.0,0.0,0.0,0.0,0.0,0.0,0.0,0.0,0.0,0.0,0.0,0.0,0.0,0.0,0.0,0.0,0.0,0.0
298,298,0.0,0.0,0.0,0.0,0.0,0.0,0.0,0.0,0.0,55.11140569972027,0.0,0.0,87.43246569364536,66.80825263271817,0.0,0.0,0.0,0.0,0.0,0.0,0.0,0.0,0.0,0.0,0.0,0.0,0.0,0.0,0.0,0.0,0.0,0.0
299,299,0.0,0.0,0.0,0.0,0.0,0.0,0.0,0.0,0.0,59.690669098680736,0.0,0.0,63.02691970100176,68.47590815096362,0.0,0.0,0.0,0.0,0.0,0.0,0.0,0.0,0.0,0.0,0.0,0.0,0.0,0.0,0.0,0.0,0.0,0.0
300,300,0.0,0.0,0.0,0.0,0.0,0.0,0.0,0.0,0.0,53.083398938532234,0.0,0.0,72.32911778553239,64.8908794497725,0.0,0.0,0.0,0.0,0.0,0.0,0.0,0.0,0.0,0.0,0.0,0.0,0.0,0.0,0.0,0.0,0.0,0.0
301,301,0.0,0.0,0.0,0.0,0.0,0.0,0.0,0.0,0.0,55.24312521920798,0.0,0.0,87.65897217422173,74.01066009878824,0.0,0.0,0.0,0.0,0.0,0.0,0.0,0.0,0.0,0.0,0.0,0.0,0.0,0.0,0.0,0.0,0.0,0.0
302,302,0.0,0.0,0.0,0.0,0.0,0.0,0.0,0.0,0.0,55.462963868531794,0.0,0.0,88.31219055924763,63.54378478203617,0.0,0.0,0.0,0.0,0.0,0.0,0.0,0.0,0.0,0.0,0.0,0.0,0.0,0.0,0.0,0.0,0.0,0.0
303,303,0.0,0.0,0.0,0.0,0.0,0.0,0.0,0.0,0.0,54.22750082766723,0.0,0.0,78.86181036067548,75.65278516422786,0.0,0.0,0.0,0.0,0.0,0.0,0.0,0.0,0.0,0.0,0.0,0.0,0.0,0.0,0.0,0.0,0.0,0.0
304,304,0.0,0.0,0.0,0.0,0.0,0.0,0.0,0.0,0.0,56.87855171499376,0.0,0.0,62.05678126276774,79.8249331525039,0.0,0.0,0.0,0.0,0.0,0.0,0.0,0.0,0.0,0.0,0.0,0.0,0.0,0.0,0.0,0.0,0.0,0.0
305,305,0.0,0.0,0.0,0.0,0.0,0.0,0.0,0.0,0.0,66.7742286544017,0.0,0.0,75.59203658966797,68.01144806852615,0.0,0.0,0.0,0.0,0.0,0.0,0.0,0.0,0.0,0.0,0.0,0.0,0.0,0.0,0.0,0.0,0.0,0.0
306,306,0.0,0.0,0.0,0.0,0.0,0.0,0.0,0.0,0.0,60.96280036427694,0.0,0.0,84.07764482287949,63.8314313051045,0.0,0.0,0.0,0.0,0.0,0.0,0.0,0.0,0.0,0.0,0.0,0.0,0.0,0.0,0.0,0.0,0.0,0.0
307,307,0.0,0.0,0.0,0.0,0.0,0.0,0.0,0.0,0.0,45.81090310058164,0.0,0.0,73.84591403050047,78.13113556533928,0.0,0.0,0.0,0.0,0.0,0.0,0.0,0.0,0.0,0.0,0.0,0.0,0.0,0.0,0.0,0.0,0.0,0.0
308,308,0.0,0.0,0.0,0.0,0.0,0.0,0.0,0.0,0.0,62.61248881574147,0.0,0.0,83.36562565107587,73.10929026333045,0.0,0.0,0.0,0.0,0.0,0.0,0.0,0.0,0.0,0.0,0.0,0.0,0.0,0.0,0.0,0.0,0.0,0.0
309,309,0.0,0.0,0.0,0.0,0.0,0.0,0.0,0.0,0.0,63.5460003003735,0.0,0.0,69.66016463502413,66.28314729249038,0.0,0.0,0.0,0.0,0.0,0.0,0.0,0.0,0.0,0.0,0.0,0.0,0.0,0.0,0.0,0.0,0.0,0.0
310,310,0.0,0.0,0.0,0.0,0.0,0.0,0.0,0.0,0.0,57.94378398401821,0.0,0.0,68.09781012131651,71.15945454916096,0.0,0.0,0.0,0.0,0.0,0.0,0.0,0.0,0.0,0.0,0.0,0.0,0.0,0.0,0.0,0.0,0.0,0.0
311,311,0.0,0.0,0.0,0.0,0.0,0.0,0.0,0.0,0.0,55.582584266059634,0.0,0.0,85.10027423588716,69.99067126268307,0.0,0.0,0.0,0.0,0.0,0.0,0.0,0.0,0.0,0.0,0.0,0.0,0.0,0.0,0.0,0.0,0.0,0.0
312,312,0.0,0.0,0.0,0.0,0.0,0.0,0.0,0.0,0.0,50.978051674506744,0.0,0.0,78.75459450216272,80.7704353527484,0.0,0.0,0.0,0.0,0.0,0.0,0.0,0.0,0.0,0.0,0.0,0.0,0.0,0.0,0.0,0.0,0.0,0.0
313,313,0.0,0.0,0.0,0.0,0.0,0.0,0.0,0.0,0.0,56.82687533950194,0.0,0.0,85.99591139478065,72.500312163165,0.0,0.0,0.0,0.0,0.0,0.0,0.0,0.0,0.0,0.0,0.0,0.0,0.0,0.0,0.0,0.0,0.0,0.0
314,314,0.0,0.0,0.0,0.0,0.0,0.0,0.0,0.0,0.0,49.27850796148692,0.0,0.0,77.04324401782847,78.02560569744118,0.0,0.0,0.0,0.0,0.0,0.0,0.0,0.0,0.0,0.0,0.0,0.0,0.0,0.0,0.0,0.0,0.0,0.0
315,315,0.0,0.0,0.0,0.0,0.0,0.0,0.0,0.0,0.0,67.1266267686782,0.0,0.0,89.99599398028417,74.52414405736374,0.0,0.0,0.0,0.0,0.0,0.0,0.0,0.0,0.0,0.0,0.0,0.0,0.0,0.0,0.0,0.0,0.0,0.0
316,316,0.0,0.0,0.0,0.0,0.0,0.0,0.0,0.0,0.0,65.90685240517541,0.0,0.0,76.80501926075527,66.41902231777416,0.0,0.0,0.0,0.0,0.0,0.0,0.0,0.0,0.0,0.0,0.0,0.0,0.0,0.0,0.0,0.0,0.0,0.0
317,317,0.0,0.0,0.0,0.0,0.0,0.0,0.0,0.0,0.0,58.539453598459396,0.0,0.0,92.77376221204214,81.08867730364007,0.0,0.0,0.0,0.0,0.0,0.0,0.0,0.0,0.0,0.0,0.0,0.0,0.0,0.0,0.0,0.0,0.0,0.0
318,318,0.0,0.0,0.0,0.0,0.0,0.0,0.0,0.0,0.0,51.22425878486596,0.0,0.0,87.888083834779,78.43686348283626,0.0,0.0,0.0,0.0,0.0,0.0,0.0,0.0,0.0,0.0,0.0,0.0,0.0,0.0,0.0,0.0,0.0,0.0
319,319,0.0,0.0,0.0,0.0,0.0,0.0,0.0,0.0,0.0,54.06754802887902,0.0,0.0,89.48939405995814,70.72418444644785,0.0,0.0,0.0,0.0,0.0,0.0,0.0,0.0,0.0,0.0,0.0,0.0,0.0,0.0,0.0,0.0,0.0,0.0
320,320,0.0,0.0,0.0,0.0,0.0,0.0,0.0,0.0,0.0,62.19340955217378,0.0,0.0,73.98310513687191,72.55348682520079,0.0,0.0,0.0,0.0,0.0,0.0,0.0,0.0,0.0,0.0,0.0,0.0,0.0,0.0,0.0,0.0,0.0,0.0
321,321,0.0,0.0,0.0,0.0,0.0,0.0,0.0,0.0,0.0,60.21154478412724,0.0,0.0,73.57268992516038,84.67481305930619,0.0,0.0,0.0,0.0,0.0,0.0,0.0,0.0,0.0,0.0,0.0,0.0,0.0,0.0,0.0,0.0,0.0,0.0
322,322,0.0,0.0,0.0,0.0,0.0,0.0,0.0,0.0,0.0,34.95385673912881,0.0,0.0,78.76178026060113,71.4981596013471,0.0,0.0,0.0,0.0,0.0,0.0,0.0,0.0,0.0,0.0,0.0,0.0,0.0,0.0,0.0,0.0,0.0,0.0
323,323,0.0,0.0,0.0,0.0,0.0,0.0,0.0,0.0,0.0,40.43885616862155,0.0,0.0,81.7465902527662,82.17400883018993,0.0,0.0,0.0,0.0,0.0,0.0,0.0,0.0,0.0,0.0,0.0,0.0,0.0,0.0,0.0,0.0,0.0,0.0
324,324,0.0,0.0,0.0,0.0,0.0,0.0,0.0,0.0,0.0,50.841787445267194,0.0,0.0,71.25487527127936,72.79774811137261,0.0,0.0,0.0,0.0,0.0,0.0,0.0,0.0,0.0,0.0,0.0,0.0,0.0,0.0,0.0,0.0,0.0,0.0
325,325,0.0,0.0,0.0,0.0,0.0,0.0,0.0,0.0,0.0,43.61394965967813,0.0,0.0,88.64651079254851,82.75468465873048,0.0,0.0,0.0,0.0,0.0,0.0,0.0,0.0,0.0,0.0,0.0,0.0,0.0,0.0,0.0,0.0,0.0,0.0
326,326,0.0,0.0,0.0,0.0,0.0,0.0,0.0,0.0,0.0,53.41385556356977,0.0,0.0,89.06687076486942,67.9675868758235,0.0,0.0,0.0,0.0,0.0,0.0,0.0,0.0,0.0,0.0,0.0,0.0,0.0,0.0,0.0,0.0,0.0,0.0
327,327,0.0,0.0,0.0,0.0,0.0,0.0,0.0,0.0,0.0,52.30654663996785,0.0,0.0,65.47381571005138,75.44523091480748,0.0,0.0,0.0,0.0,0.0,0.0,0.0,0.0,0.0,0.0,0.0,0.0,0.0,0.0,0.0,0.0,0.0,0.0
328,328,0.0,0.0,0.0,0.0,0.0,0.0,0.0,0.0,0.0,53.862682894667344,0.0,0.0,77.85096604070101,79.27241198376015,0.0,0.0,0.0,0.0,0.0,0.0,0.0,0.0,0.0,0.0,0.0,0.0,0.0,0.0,0.0,0.0,0.0,0.0
329,329,0.0,0.0,0.0,0.0,0.0,0.0,0.0,0.0,0.0,56.554701710293315,0.0,0.0,78.24595538628665,75.12598777835481,0.0,0.0,0.0,0.0,0.0,0.0,0.0,0.0,0.0,0.0,0.0,0.0,0.0,0.0,0.0,0.0,0.0,0.0
330,330,0.0,0.0,0.0,0.0,0.0,0.0,0.0,0.0,0.0,0.0,0.0,0.0,72.37625975141567,76.53606254549133,0.0,0.0,0.0,0.0,0.0,0.0,0.0,0.0,0.0,0.0,0.0,0.0,0.0,0.0,0.0,0.0,0.0,0.0
331,331,0.0,0.0,0.0,0.0,0.0,0.0,0.0,0.0,0.0,0.0,0.0,0.0,69.37124868551669,70.90630462131723,0.0,0.0,0.0,0.0,0.0,0.0,0.0,0.0,0.0,0.0,0.0,0.0,0.0,0.0,0.0,0.0,0.0,0.0
332,332,0.0,0.0,0.0,0.0,0.0,0.0,0.0,0.0,0.0,0.0,0.0,0.0,68.82084342057223,83.60670341939978,0.0,0.0,0.0,0.0,0.0,0.0,0.0,0.0,0.0,0.0,0.0,0.0,0.0,0.0,0.0,0.0,0.0,0.0
333,333,0.0,0.0,0.0,0.0,0.0,0.0,0.0,0.0,0.0,0.0,0.0,0.0,68.77929468768545,97.02570004526183,0.0,0.0,0.0,0.0,0.0,0.0,0.0,0.0,0.0,0.0,0.0,0.0,0.0,0.0,0.0,0.0,0.0,0.0
334,334,0.0,0.0,0.0,0.0,0.0,0.0,0.0,0.0,0.0,0.0,0.0,0.0,79.98436350610586,91.60665499285565,0.0,0.0,0.0,0.0,0.0,0.0,0.0,0.0,0.0,0.0,0.0,0.0,0.0,0.0,0.0,0.0,0.0,0.0
335,335,0.0,0.0,0.0,0.0,0.0,0.0,0.0,0.0,0.0,0.0,0.0,0.0,87.35367000892329,74.36521136043154,0.0,0.0,0.0,0.0,0.0,0.0,0.0,0.0,0.0,0.0,0.0,0.0,0.0,0.0,0.0,0.0,0.0,0.0
336,336,0.0,0.0,0.0,0.0,0.0,0.0,0.0,0.0,0.0,0.0,0.0,0.0,79.04637067448043,79.72431536876711,0.0,0.0,0.0,0.0,0.0,0.0,0.0,0.0,0.0,0.0,0.0,0.0,0.0,0.0,0.0,0.0,0.0,0.0
337,337,0.0,0.0,0.0,0.0,0.0,0.0,0.0,0.0,0.0,0.0,0.0,0.0,71.88001103877878,84.06641310896842,0.0,0.0,0.0,0.0,0.0,0.0,0.0,0.0,0.0,0.0,0.0,0.0,0.0,0.0,0.0,0.0,0.0,0.0
338,338,0.0,0.0,0.0,0.0,0.0,0.0,0.0,0.0,0.0,0.0,0.0,0.0,101.06949092340008,76.55856151094731,0.0,0.0,0.0,0.0,0.0,0.0,0.0,0.0,0.0,0.0,0.0,0.0,0.0,0.0,0.0,0.0,0.0,0.0
339,339,0.0,0.0,0.0,0.0,0.0,0.0,0.0,0.0,0.0,0.0,0.0,0.0,76.69249257029517,76.84600020446608,0.0,0.0,0.0,0.0,0.0,0.0,0.0,0.0,0.0,0.0,0.0,0.0,0.0,0.0,0.0,0.0,0.0,0.0
340,340,0.0,0.0,0.0,0.0,0.0,0.0,0.0,0.0,0.0,0.0,0.0,0.0,73.078638235711,64.16993443773877,0.0,0.0,0.0,0.0,0.0,0.0,0.0,0.0,0.0,0.0,0.0,0.0,0.0,0.0,0.0,0.0,0.0,0.0
341,341,0.0,0.0,0.0,0.0,0.0,0.0,0.0,0.0,0.0,0.0,0.0,0.0,72.28466342975085,65.87082474720015,57.54542304599041,0.0,0.0,0.0,0.0,0.0,0.0,0.0,0.0,0.0,0.0,0.0,0.0,0.0,0.0,0.0,0.0,0.0
342,342,0.0,0.0,0.0,0.0,0.0,0.0,0.0,0.0,0.0,0.0,0.0,0.0,84.69348143086881,76.59007858934726,41.471011691233,0.0,0.0,0.0,0.0,0.0,0.0,0.0,0.0,0.0,0.0,0.0,0.0,0.0,0.0,0.0,0.0,0.0
343,343,0.0,0.0,0.0,0.0,0.0,0.0,0.0,0.0,0.0,0.0,0.0,0.0,78.16978535092628,68.01161853444557,58.56592557879321,50.666079815136385,0.0,0.0,0.0,0.0,0.0,0.0,0.0,0.0,0.0,0.0,0.0,0.0,0.0,0.0,0.0,0.0
344,344,0.0,0.0,0.0,0.0,0.0,0.0,0.0,0.0,0.0,0.0,0.0,0.0,84.7433062840895,78.88287585214486,51.018320551607644,64.54081408899562,0.0,0.0,0.0,0.0,0.0,0.0,0.0,0.0,0.0,0.0,0.0,0.0,0.0,0.0,0.0,0.0
345,345,0.0,0.0,0.0,0.0,0.0,0.0,0.0,0.0,0.0,0.0,0.0,0.0,78.12967471619935,72.67091908310927,51.68707173831027,52.013993853156634,0.0,0.0,0.0,0.0,0.0,0.0,0.0,0.0,0.0,0.0,0.0,0.0,0.0,0.0,0.0,0.0
346,346,0.0,0.0,0.0,0.0,0.0,0.0,0.0,0.0,0.0,0.0,0.0,0.0,74.08087601991019,68.06963668136011,45.68903964031536,51.37605638739608,0.0,0.0,0.0,0.0,0.0,0.0,0.0,0.0,0.0,0.0,0.0,0.0,0.0,0.0,0.0,0.0
347,347,0.0,0.0,0.0,0.0,0.0,0.0,0.0,0.0,0.0,0.0,0.0,0.0,74.18315942311628,82.80113100012755,47.239862944823784,45.4127417370848,0.0,0.0,0.0,0.0,0.0,0.0,0.0,0.0,0.0,0.0,0.0,0.0,0.0,0.0,0.0,0.0
348,348,0.0,0.0,0.0,0.0,0.0,0.0,0.0,0.0,0.0,0.0,0.0,0.0,64.94385593193572,82.01061586725784,46.301266860781745,55.16365637249055,0.0,0.0,0.0,0.0,0.0,0.0,0.0,0.0,0.0,0.0,0.0,0.0,0.0,0.0,0.0,0.0
349,349,0.0,0.0,0.0,0.0,0.0,0.0,0.0,0.0,0.0,0.0,0.0,0.0,75.31443044174415,76.50650253209623,50.19565511213372,49.85876534685438,55.89498364100959,0.0,0.0,0.0,0.0,0.0,0.0,0.0,0.0,0.0,0.0,0.0,0.0,0.0,0.0,0.0
350,350,0.0,0.0,0.0,0.0,0.0,0.0,0.0,0.0,0.0,0.0,0.0,0.0,72.93929976541575,68.65256104421864,48.236425669516024,45.54293796894628,50.4673934038824,0.0,0.0,0.0,0.0,0.0,0.0,0.0,0.0,0.0,0.0,0.0,0.0,0.0,0.0,0.0
351,351,0.0,0.0,0.0,0.0,0.0,0.0,0.0,0.0,0.0,0.0,0.0,0.0,62.601478848310414,79.83457087333873,45.567695593890974,49.54559305627535,45.52904193012939,0.0,0.0,0.0,0.0,0.0,0.0,0.0,0.0,0.0,0.0,0.0,0.0,0.0,0.0,0.0
352,352,0.0,0.0,0.0,0.0,0.0,0.0,0.0,0.0,0.0,0.0,0.0,0.0,80.1685907311532,82.56133883208875,54.39929081691776,51.89952475895417,50.77137327079536,0.0,0.0,0.0,0.0,0.0,0.0,0.0,0.0,0.0,0.0,0.0,0.0,0.0,0.0,0.0
353,353,0.0,0.0,0.0,0.0,0.0,0.0,0.0,0.0,0.0,0.0,0.0,0.0,68.94581049990437,70.59059863207622,52.908177850981076,52.88352458905876,58.697701170192836,0.0,0.0,0.0,0.0,0.0,0.0,0.0,0.0,0.0,0.0,0.0,0.0,0.0,0.0,0.0
354,354,0.0,0.0,0.0,0.0,0.0,0.0,0.0,0.0,0.0,0.0,0.0,0.0,70.39317239007944,77.04723079551836,63.93568950257427,62.14775567968509,61.884931698562,0.0,0.0,0.0,0.0,0.0,0.0,0.0,0.0,0.0,0.0,0.0,0.0,0.0,0.0,0.0
355,355,0.0,0.0,0.0,0.0,0.0,0.0,0.0,0.0,0.0,0.0,0.0,0.0,80.23929488114744,68.71735663272244,61.884395864205054,45.570129650652945,57.656555488762834,0.0,0.0,0.0,0.0,0.0,0.0,0.0,0.0,0.0,0.0,0.0,0.0,0.0,0.0,0.0
356,356,0.0,0.0,0.0,0.0,0.0,0.0,0.0,0.0,0.0,0.0,0.0,0.0,58.968313868089965,59.88101025679413,64.83590749220217,55.23561828827286,61.89766400806441,0.0,0.0,0.0,0.0,0.0,0.0,0.0,0.0,0.0,0.0,0.0,0.0,0.0,0.0,0.0
357,357,0.0,0.0,0.0,0.0,0.0,0.0,0.0,0.0,0.0,0.0,0.0,0.0,71.72669118046018,82.94327543298138,66.32303907123438,64.10868217218979,63.75724607846202,0.0,0.0,0.0,0.0,0.0,0.0,0.0,0.0,0.0,0.0,0.0,0.0,0.0,0.0,0.0
358,358,0.0,0.0,0.0,0.0,0.0,0.0,0.0,0.0,0.0,0.0,0.0,0.0,68.50993595650621,73.36309996724111,59.70542800983432,64.99327350116991,67.8140210019088,0.0,0.0,0.0,0.0,0.0,0.0,0.0,0.0,0.0,0.0,0.0,0.0,0.0,0.0,0.0
359,359,0.0,0.0,0.0,0.0,0.0,0.0,0.0,0.0,0.0,0.0,0.0,0.0,66.39496464800985,70.2769072785128,63.342298030164976,51.02945009678931,55.49320448831553,0.0,0.0,0.0,0.0,0.0,0.0,0.0,0.0,0.0,0.0,0.0,0.0,0.0,0.0,0.0
360,360,0.0,0.0,0.0,0.0,0.0,0.0,0.0,0.0,0.0,0.0,0.0,0.0,69.98387085713266,73.34763942802253,51.949384808272015,52.327929059229646,51.3628722236763,0.0,0.0,0.0,0.0,0.0,0.0,0.0,0.0,0.0,0.0,0.0,0.0,0.0,0.0,0.0
361,361,0.0,0.0,0.0,0.0,0.0,0.0,0.0,0.0,0.0,0.0,0.0,0.0,64.24954046412239,71.67342202819785,46.04834837431571,62.26960460581995,49.91957231645344,0.0,0.0,0.0,0.0,0.0,0.0,0.0,0.0,0.0,0.0,0.0,0.0,0.0,0.0,0.0
362,362,0.0,0.0,0.0,0.0,0.0,0.0,0.0,0.0,0.0,0.0,0.0,0.0,62.543715007409325,76.59232812713938,65.85687332178475,48.07893669145377,44.29053716186646,0.0,0.0,0.0,0.0,0.0,0.0,0.0,0.0,0.0,0.0,0.0,0.0,0.0,0.0,0.0
363,363,0.0,0.0,0.0,0.0,0.0,0.0,0.0,0.0,0.0,0.0,0.0,0.0,55.46692495291656,71.15725613196761,49.3723989201357,54.71846980257433,57.4028898665959,0.0,0.0,0.0,0.0,0.0,0.0,0.0,0.0,0.0,0.0,0.0,0.0,0.0,0.0,0.0
364,364,0.0,0.0,0.0,0.0,0.0,0.0,0.0,0.0,0.0,0.0,0.0,0.0,70.05667093392702,66.43163534709396,57.68299329740451,57.58497574652392,48.79314823462115,0.0,0.0,0.0,0.0,0.0,0.0,0.0,0.0,0.0,0.0,0.0,0.0,0.0,0.0,0.0
365,365,0.0,0.0,0.0,0.0,0.0,0.0,0.0,0.0,0.0,0.0,0.0,0.0,68.5195887048779,70.28063846749458,45.03653706492336,47.41093556417811,48.52293957209814,0.0,0.0,0.0,0.0,0.0,0.0,0.0,0.0,0.0,0.0,0.0,0.0,0.0,0.0,0.0
366,366,0.0,0.0,0.0,0.0,0.0,0.0,0.0,0.0,0.0,0.0,0.0,0.0,39.50110571031213,66.7567745908093,52.33769433709656,44.0004907825946,55.62932771064207,0.0,0.0,0.0,0.0,0.0,0.0,0.0,0.0,0.0,0.0,0.0,0.0,0.0,0.0,0.0
367,367,0.0,0.0,0.0,0.0,0.0,0.0,0.0,0.0,0.0,0.0,0.0,0.0,48.694724395112075,69.11433902298273,58.53557363455489,65.8340462799373,59.746044772592334,0.0,0.0,0.0,0.0,0.0,0.0,0.0,0.0,0.0,0.0,0.0,0.0,0.0,0.0,0.0
368,368,0.0,0.0,0.0,0.0,0.0,0.0,0.0,0.0,0.0,0.0,0.0,0.0,74.12986464974138,72.8603218027751,59.782625283851125,51.61654035961642,56.66912831569586,0.0,0.0,0.0,0.0,0.0,0.0,0.0,0.0,0.0,0.0,0.0,0.0,0.0,0.0,0.0
369,369,0.0,0.0,0.0,0.0,0.0,0.0,0.0,0.0,0.0,0.0,0.0,0.0,64.12091328305074,75.70555505611499,47.590451805937484,60.97822856428885,63.86906611588139,0.0,0.0,0.0,0.0,0.0,0.0,0.0,0.0,0.0,0.0,0.0,0.0,0.0,0.0,0.0
370,370,0.0,0.0,0.0,0.0,0.0,0.0,0.0,0.0,0.0,0.0,0.0,0.0,60.813598488380215,76.98013305876337,55.298160507412426,56.75213709580542,59.85551936955258,0.0,0.0,0.0,0.0,0.0,0.0,0.0,0.0,0.0,0.0,0.0,0.0,0.0,0.0,0.0
371,371,0.0,0.0,0.0,0.0,0.0,0.0,0.0,0.0,0.0,0.0,0.0,0.0,57.64374661135972,68.21779888214964,59.356971751130104,50.02566583257372,64.30070842922666,0.0,0.0,0.0,0.0,0.0,0.0,0.0,0.0,0.0,0.0,0.0,0.0,0.0,0.0,0.0
372,372,0.0,0.0,0.0,0.0,0.0,0.0,0.0,0.0,0.0,0.0,0.0,0.0,71.6287081901166,75.733899928439,61.51188072542334,54.83550603523247,42.88210260574448,0.0,0.0,0.0,0.0,0.0,0.0,0.0,0.0,0.0,0.0,0.0,0.0,0.0,0.0,0.0
373,373,0.0,0.0,0.0,0.0,0.0,0.0,0.0,0.0,0.0,0.0,0.0,0.0,47.02413536610782,67.69490941735944,64.35305956217476,39.99130688819396,72.04019383063596,0.0,0.0,0.0,0.0,0.0,0.0,0.0,0.0,0.0,0.0,0.0,0.0,0.0,0.0,0.0
374,374,0.0,0.0,0.0,0.0,0.0,0.0,0.0,0.0,0.0,0.0,0.0,0.0,70.58597603569362,58.796643655106166,41.0334763805533,72.47897090089349,77.87788299798201,0.0,0.0,0.0,0.0,0.0,0.0,0.0,0.0,0.0,0.0,0.0,0.0,0.0,0.0,0.0
375,375,0.0,0.0,0.0,0.0,0.0,0.0,0.0,0.0,0.0,0.0,0.0,0.0,55.76917098066778,72.15942773925664,45.34978876875894,61.56679605459516,58.19889839623674,0.0,0.0,0.0,0.0,0.0,0.0,0.0,0.0,0.0,0.0,0.0,0.0,0.0,0.0,0.0
376,376,0.0,0.0,0.0,0.0,0.0,0.0,0.0,0.0,0.0,0.0,0.0,0.0,53.72592735124994,64.70064092477838,59.23660128754106,76.4999486248933,61.69829684617248,0.0,0.0,0.0,0.0,0.0,0.0,0.0,0.0,0.0,0.0,0.0,0.0,0.0,0.0,0.0
377,377,0.0,0.0,0.0,0.0,0.0,0.0,0.0,0.0,0.0,0.0,0.0,0.0,61.44042090402391,86.51218752693424,51.97552013898705,60.04118390419591,58.98892940849683,0.0,0.0,0.0,0.0,0.0,0.0,0.0,0.0,0.0,0.0,0.0,0.0,0.0,0.0,0.0
378,378,0.0,0.0,0.0,0.0,0.0,0.0,0.0,0.0,0.0,0.0,0.0,0.0,45.40514448002981,61.59509581317688,61.87079983906631,57.82512727996695,71.8704167663646,0.0,0.0,0.0,0.0,0.0,0.0,0.0,0.0,0.0,0.0,0.0,0.0,0.0,0.0,0.0
379,379,0.0,0.0,0.0,0.0,0.0,0.0,0.0,0.0,0.0,0.0,0.0,0.0,62.042257066942604,69.24204798446114,67.05469853347661,55.066763053930075,68.30449265707428,0.0,0.0,0.0,0.0,0.0,0.0,0.0,0.0,0.0,0.0,0.0,0.0,0.0,0.0,0.0
380,380,0.0,0.0,0.0,0.0,0.0,0.0,0.0,0.0,0.0,0.0,0.0,0.0,66.912232756662,70.1824724958275,63.66142680138807,68.5727976432656,82.27008410414086,0.0,0.0,0.0,0.0,0.0,0.0,0.0,0.0,0.0,0.0,0.0,0.0,0.0,0.0,0.0
381,381,0.0,0.0,0.0,0.0,0.0,0.0,0.0,0.0,0.0,0.0,0.0,0.0,54.49749459031317,59.81561266935019,65.73510908209545,62.18711444154747,62.357243355512495,0.0,0.0,0.0,0.0,0.0,0.0,0.0,0.0,0.0,0.0,0.0,0.0,0.0,0.0,0.0
382,382,0.0,0.0,0.0,0.0,0.0,0.0,0.0,0.0,0.0,0.0,0.0,0.0,46.95694384035798,66.71005346540764,65.02388327677392,60.6276308393167,75.40294219259829,0.0,0.0,0.0,0.0,0.0,0.0,0.0,0.0,0.0,0.0,0.0,0.0,0.0,0.0,0.0
383,383,0.0,0.0,0.0,0.0,0.0,0.0,0.0,0.0,0.0,0.0,0.0,0.0,46.65859056132395,77.16716044619027,66.44041192648596,58.24328706699427,70.92278017136537,0.0,0.0,0.0,0.0,0.0,0.0,0.0,0.0,0.0,0.0,0.0,0.0,0.0,0.0,0.0
384,384,0.0,0.0,0.0,0.0,0.0,0.0,0.0,0.0,0.0,0.0,0.0,0.0,49.29349534634115,69.37155380815585,51.5111882770667,56.05694868365511,68.96612475549719,0.0,0.0,0.0,0.0,0.0,0.0,0.0,0.0,0.0,0.0,0.0,0.0,0.0,0.0,0.0
385,385,0.0,0.0,0.0,0.0,0.0,0.0,0.0,0.0,0.0,0.0,0.0,0.0,55.01767517209316,47.70077483510924,51.517120112492336,41.01201194163184,65.0657647240561,0.0,0.0,0.0,0.0,0.0,0.0,0.0,0.0,0.0,0.0,0.0,0.0,0.0,0.0,0.0
386,386,0.0,0.0,0.0,0.0,0.0,0.0,0.0,0.0,0.0,0.0,0.0,0.0,43.872976264526955,63.220721144973254,64.51974221467077,70.57340507785376,59.63475201914349,0.0,0.0,0.0,0.0,0.0,0.0,0.0,0.0,0.0,0.0,0.0,0.0,0.0,0.0,0.0
387,387,0.0,0.0,0.0,0.0,0.0,0.0,0.0,0.0,0.0,0.0,0.0,0.0,40.69324810485256,74.3034459637941,57.675050154805014,52.00765615533741,65.87976653243692,0.0,0.0,0.0,0.0,0.0,0.0,0.0,0.0,0.0,0.0,0.0,0.0,0.0,0.0,0.0
388,388,0.0,0.0,0.0,0.0,0.0,0.0,0.0,0.0,0.0,0.0,0.0,0.0,57.47447145370273,62.803986766660636,66.71614168470802,59.2923334133936,60.407419796557264,0.0,0.0,0.0,0.0,0.0,0.0,0.0,0.0,0.0,0.0,0.0,0.0,0.0,0.0,0.0
389,389,0.0,0.0,0.0,0.0,0.0,0.0,0.0,0.0,0.0,0.0,0.0,0.0,62.44872372292062,52.92374407623703,61.01796159304848,48.920324252750476,65.3856090330927,0.0,0.0,0.0,0.0,0.0,0.0,0.0,0.0,0.0,0.0,0.0,0.0,0.0,0.0,0.0
390,390,0.0,0.0,0.0,0.0,0.0,0.0,0.0,0.0,0.0,0.0,0.0,0.0,74.81826527485104,71.39967989308984,64.18474780351606,69.39602004490874,56.80143020368408,0.0,0.0,0.0,0.0,0.0,0.0,0.0,0.0,0.0,0.0,0.0,0.0,0.0,0.0,0.0
391,391,0.0,0.0,0.0,0.0,0.0,0.0,0.0,0.0,0.0,0.0,0.0,0.0,51.0189306199151,58.704637994404365,54.330164986727354,82.56942579116375,57.33585762439165,0.0,0.0,0.0,0.0,0.0,0.0,0.0,0.0,0.0,0.0,0.0,0.0,0.0,0.0,0.0
392,392,0.0,0.0,0.0,0.0,0.0,0.0,0.0,0.0,0.0,0.0,0.0,0.0,42.864511847848426,50.08324194792964,50.04864640720143,75.97908621894133,86.73604747243321,0.0,0.0,0.0,0.0,0.0,0.0,0.0,0.0,0.0,0.0,0.0,0.0,0.0,0.0,0.0
393,393,0.0,0.0,0.0,0.0,0.0,0.0,0.0,0.0,0.0,0.0,0.0,0.0,57.042829609890475,67.97262710493109,69.83796975335264,71.17524816311087,60.70726252843608,0.0,0.0,0.0,0.0,0.0,0.0,0.0,0.0,0.0,0.0,0.0,0.0,0.0,0.0,0.0
394,394,0.0,0.0,0.0,0.0,0.0,0.0,0.0,0.0,0.0,0.0,0.0,0.0,48.88083685760965,71.59481531430295,50.91639769932132,64.4686914543116,83.2036794924586,0.0,0.0,0.0,0.0,0.0,0.0,0.0,0.0,0.0,0.0,0.0,0.0,0.0,0.0,0.0
395,395,0.0,0.0,0.0,0.0,0.0,0.0,0.0,0.0,0.0,0.0,0.0,0.0,44.576713567023866,66.77325725762218,69.56961026070735,64.33605636509606,70.64595367576311,0.0,0.0,0.0,0.0,0.0,0.0,0.0,0.0,0.0,0.0,0.0,0.0,0.0,0.0,0.0
396,396,0.0,0.0,0.0,0.0,0.0,0.0,0.0,0.0,0.0,0.0,0.0,0.0,0.0,63.07216733536895,59.545023863283134,72.77474727602949,71.78782570357416,0.0,0.0,0.0,0.0,0.0,0.0,0.0,0.0,0.0,0.0,0.0,0.0,0.0,0.0,0.0
397,397,0.0,0.0,0.0,0.0,0.0,0.0,0.0,0.0,0.0,0.0,0.0,0.0,0.0,59.750754252727646,37.19203539375646,69.86569153810728,74.34740142194028,0.0,0.0,0.0,0.0,0.0,0.0,0.0,0.0,0.0,0.0,0.0,0.0,0.0,0.0,0.0
398,398,0.0,0.0,0.0,0.0,0.0,0.0,0.0,0.0,0.0,0.0,0.0,0.0,0.0,48.56306263033352,58.38710506990419,76.07629779115727,76.2391772502043,0.0,0.0,0.0,0.0,0.0,0.0,0.0,0.0,0.0,0.0,0.0,0.0,0.0,0.0,0.0
399,399,0.0,0.0,0.0,0.0,0.0,0.0,0.0,0.0,0.0,0.0,0.0,0.0,0.0,67.8949999881398,44.833541955345055,64.17779606761896,80.63440995032906,0.0,0.0,0.0,0.0,0.0,0.0,0.0,0.0,0.0,0.0,0.0,0.0,0.0,0.0,0.0
400,400,0.0,0.0,0.0,0.0,0.0,0.0,0.0,0.0,0.0,0.0,0.0,0.0,0.0,53.45713832197873,62.2802971173942,61.84584358962627,70.31367329266025,0.0,0.0,0.0,0.0,0.0,0.0,0.0,0.0,0.0,0.0,0.0,0.0,0.0,0.0,0.0
401,401,0.0,0.0,0.0,0.0,0.0,0.0,0.0,0.0,0.0,0.0,0.0,0.0,0.0,48.10166521841977,68.36188262161019,68.63408656841261,79.44365587817325,0.0,0.0,0.0,0.0,0.0,0.0,0.0,0.0,0.0,0.0,0.0,0.0,0.0,0.0,0.0
402,402,0.0,0.0,0.0,0.0,0.0,0.0,0.0,0.0,0.0,0.0,0.0,0.0,0.0,59.91881646468504,64.97052113130124,70.49630174224612,80.48511432571526,57.7146810260292,0.0,0.0,0.0,0.0,0.0,0.0,0.0,0.0,0.0,0.0,0.0,0.0,0.0,0.0
403,403,0.0,0.0,0.0,0.0,0.0,0.0,0.0,0.0,0.0,0.0,0.0,0.0,0.0,57.13221715326872,48.84486509851676,64.6377438137186,61.26397047900597,48.284921363638915,0.0,0.0,0.0,0.0,0.0,0.0,0.0,0.0,0.0,0.0,0.0,0.0,0.0,0.0
404,404,0.0,0.0,0.0,0.0,0.0,0.0,0.0,0.0,0.0,0.0,0.0,0.0,0.0,53.59233959757336,49.375513387982195,63.61220110488869,86.29728563626352,53.31187048187288,0.0,0.0,0.0,0.0,0.0,0.0,0.0,0.0,0.0,0.0,0.0,0.0,0.0,0.0
405,405,0.0,0.0,0.0,0.0,0.0,0.0,0.0,0.0,0.0,0.0,0.0,0.0,0.0,73.88222386873738,60.3585407254907,75.250621067843,91.01017282192018,47.71075797165669,0.0,0.0,0.0,0.0,0.0,0.0,0.0,0.0,0.0,0.0,0.0,0.0,0.0,0.0
406,406,0.0,0.0,0.0,0.0,0.0,0.0,0.0,0.0,0.0,0.0,0.0,0.0,0.0,48.909151002525746,44.90673399693969,62.573358628592764,83.30416392804443,57.220543356384205,0.0,0.0,0.0,0.0,0.0,0.0,0.0,0.0,0.0,0.0,0.0,0.0,0.0,0.0
407,407,0.0,0.0,0.0,0.0,0.0,0.0,0.0,0.0,0.0,0.0,0.0,0.0,0.0,50.62936200972404,60.27449188040782,70.62474613435822,78.91570870747918,43.48365509720506,0.0,0.0,0.0,0.0,0.0,0.0,0.0,0.0,0.0,0.0,0.0,0.0,0.0,0.0
408,408,0.0,0.0,0.0,0.0,0.0,0.0,0.0,0.0,0.0,0.0,0.0,0.0,0.0,53.829694308439585,58.627909857356414,66.95839290649504,68.34540762269488,56.040914699734266,0.0,0.0,0.0,0.0,0.0,0.0,0.0,0.0,0.0,0.0,0.0,0.0,0.0,0.0
409,409,0.0,0.0,0.0,0.0,0.0,0.0,0.0,0.0,0.0,0.0,0.0,0.0,0.0,53.10210260204519,60.096627950273145,54.3795397207152,66.8375250919836,51.54715213744217,0.0,0.0,0.0,0.0,0.0,0.0,0.0,0.0,0.0,0.0,0.0,0.0,0.0,0.0
410,410,0.0,0.0,0.0,0.0,0.0,0.0,0.0,0.0,0.0,0.0,0.0,0.0,0.0,46.6041702231977,50.20802503176765,58.29333845355089,72.61985153172691,62.894169002167544,0.0,0.0,0.0,0.0,0.0,0.0,0.0,0.0,0.0,0.0,0.0,0.0,0.0,0.0
411,411,0.0,0.0,0.0,0.0,0.0,0.0,0.0,0.0,0.0,0.0,0.0,0.0,0.0,57.33056592829989,60.591836562563856,64.19618616794234,95.60308494845324,55.537800795523296,0.0,0.0,0.0,0.0,0.0,0.0,0.0,0.0,0.0,0.0,0.0,0.0,0.0,0.0
412,412,0.0,0.0,0.0,0.0,0.0,0.0,0.0,0.0,0.0,0.0,0.0,0.0,0.0,57.34002891999933,67.37943819272105,58.23966854309178,83.57875228005499,68.09024797307698,0.0,0.0,0.0,0.0,0.0,0.0,0.0,0.0,0.0,0.0,0.0,0.0,0.0,0.0
413,413,0.0,0.0,0.0,0.0,0.0,0.0,0.0,0.0,0.0,0.0,0.0,0.0,0.0,49.303118309903624,69.99814152283767,63.085720442771816,79.97258799848812,64.70740751184633,0.0,0.0,0.0,0.0,0.0,0.0,0.0,0.0,0.0,0.0,0.0,0.0,0.0,0.0
414,414,0.0,0.0,0.0,0.0,0.0,0.0,0.0,0.0,0.0,0.0,0.0,0.0,0.0,51.45507322453756,64.71711764788873,65.13740824515102,70.54482058960045,54.46137146047488,0.0,0.0,0.0,0.0,0.0,0.0,0.0,0.0,0.0,0.0,0.0,0.0,0.0,0.0
415,415,0.0,0.0,0.0,0.0,0.0,0.0,0.0,0.0,0.0,0.0,0.0,0.0,0.0,55.61410168571105,57.68066345735865,64.99744517034101,88.17431142638752,56.09222127947164,0.0,0.0,0.0,0.0,0.0,0.0,0.0,0.0,0.0,0.0,0.0,0.0,0.0,0.0
416,416,0.0,0.0,0.0,0.0,0.0,0.0,0.0,0.0,0.0,0.0,0.0,0.0,0.0,0.0,53.688304798569135,66.16660030589378,75.96781466276593,55.53620715158546,0.0,0.0,0.0,0.0,0.0,0.0,0.0,0.0,0.0,0.0,0.0,0.0,0.0,0.0
417,417,0.0,0.0,0.0,0.0,0.0,0.0,0.0,0.0,0.0,0.0,0.0,0.0,0.0,0.0,52.03541224581744,67.84494903751967,87.18329589467712,56.056719110902996,0.0,0.0,0.0,0.0,0.0,0.0,0.0,0.0,0.0,0.0,0.0,0.0,0.0,0.0
418,418,0.0,0.0,0.0,0.0,0.0,0.0,0.0,0.0,0.0,0.0,0.0,0.0,0.0,0.0,48.8544662755598,64.52031337539529,71.12223790048968,49.87340203931408,0.0,0.0,0.0,0.0,0.0,0.0,0.0,0.0,0.0,0.0,0.0,0.0,0.0,0.0
419,419,0.0,0.0,0.0,0.0,0.0,0.0,0.0,0.0,0.0,0.0,0.0,0.0,0.0,0.0,58.25803248578837,59.50313855669398,84.17748705303853,51.0915437661058,0.0,0.0,0.0,0.0,0.0,0.0,0.0,0.0,0.0,0.0,0.0,0.0,0.0,0.0
420,420,0.0,0.0,0.0,0.0,0.0,0.0,0.0,0.0,0.0,0.0,0.0,0.0,0.0,0.0,47.93024401148292,57.82393156614975,69.90757473633198,57.32715710468093,0.0,0.0,0.0,0.0,0.0,0.0,0.0,0.0,0.0,0.0,0.0,0.0,0.0,0.0
421,421,0.0,0.0,0.0,0.0,0.0,0.0,0.0,0.0,0.0,0.0,0.0,0.0,0.0,0.0,50.97224158828379,65.31512687711952,86.81796343775251,52.847406813342786,0.0,0.0,0.0,0.0,0.0,0.0,0.0,0.0,0.0,0.0,0.0,0.0,0.0,0.0
422,422,0.0,0.0,0.0,0.0,0.0,0.0,0.0,0.0,0.0,0.0,0.0,0.0,0.0,0.0,52.316064225931896,68.11827010799433,97.10343289014051,60.9961807860821,0.0,0.0,0.0,0.0,0.0,0.0,0.0,0.0,0.0,0.0,0.0,0.0,0.0,0.0
423,423,0.0,0.0,0.0,0.0,0.0,0.0,0.0,0.0,0.0,0.0,0.0,0.0,0.0,0.0,56.46614791716243,59.618805164279095,77.40577857009501,65.27555102543211,0.0,0.0,0.0,0.0,0.0,0.0,0.0,0.0,0.0,0.0,0.0,0.0,0.0,0.0
424,424,0.0,0.0,0.0,0.0,0.0,0.0,0.0,0.0,0.0,0.0,0.0,0.0,0.0,0.0,51.30906507769227,62.124566741936334,81.10022773854962,56.78268269803736,0.0,0.0,0.0,0.0,0.0,0.0,0.0,0.0,0.0,0.0,0.0,0.0,0.0,0.0
425,425,0.0,0.0,0.0,0.0,0.0,0.0,0.0,0.0,0.0,0.0,0.0,0.0,0.0,0.0,59.874625481033874,61.999546465265624,82.4566688681168,55.56248744599651,0.0,0.0,0.0,0.0,0.0,0.0,0.0,0.0,0.0,0.0,0.0,0.0,0.0,0.0
426,426,0.0,0.0,0.0,0.0,0.0,0.0,0.0,0.0,0.0,0.0,0.0,0.0,0.0,0.0,56.0152773135123,54.505998738791575,85.00031529517332,69.5657902799816,0.0,0.0,0.0,0.0,0.0,0.0,0.0,0.0,0.0,0.0,0.0,0.0,0.0,0.0
427,427,0.0,0.0,0.0,0.0,0.0,0.0,0.0,0.0,0.0,0.0,0.0,0.0,0.0,0.0,42.70847026310698,59.90099080375597,72.35731350621707,82.94035579912558,0.0,0.0,0.0,0.0,0.0,0.0,0.0,0.0,0.0,0.0,0.0,0.0,0.0,0.0
428,428,0.0,0.0,0.0,0.0,0.0,0.0,0.0,0.0,0.0,0.0,0.0,0.0,0.0,0.0,61.48774753046868,69.19674943854665,78.27004537480975,62.00906270869385,0.0,0.0,0.0,0.0,0.0,0.0,0.0,0.0,0.0,0.0,0.0,0.0,0.0,0.0
429,429,0.0,0.0,0.0,0.0,0.0,0.0,0.0,0.0,0.0,0.0,0.0,0.0,0.0,0.0,50.82662336055353,61.30020273846756,87.74563856758186,57.79203743267368,0.0,0.0,0.0,0.0,0.0,0.0,0.0,0.0,0.0,0.0,0.0,0.0,0.0,0.0
430,430,0.0,0.0,0.0,0.0,0.0,0.0,0.0,0.0,0.0,0.0,0.0,0.0,0.0,0.0,42.647311908388716,63.173610549992006,82.14251786349051,64.55969101688149,0.0,0.0,0.0,0.0,0.0,0.0,0.0,0.0,0.0,0.0,0.0,0.0,0.0,0.0
431,431,0.0,0.0,0.0,0.0,0.0,0.0,0.0,0.0,0.0,0.0,0.0,0.0,0.0,0.0,40.60323673983222,58.690373367419426,76.87503278616339,75.29961297932249,0.0,0.0,0.0,0.0,0.0,0.0,0.0,0.0,0.0,0.0,0.0,0.0,0.0,0.0
432,432,0.0,0.0,0.0,0.0,0.0,0.0,0.0,0.0,0.0,0.0,0.0,0.0,0.0,0.0,39.43778705811088,60.64186332318872,95.52848518308127,61.05733996559205,0.0,0.0,0.0,0.0,0.0,0.0,0.0,0.0,0.0,0.0,0.0,0.0,0.0,0.0
433,433,0.0,0.0,0.0,0.0,0.0,0.0,0.0,0.0,0.0,0.0,0.0,0.0,0.0,0.0,38.75816261704926,57.449296979257525,90.58106275383606,60.18558797178876,0.0,0.0,0.0,0.0,0.0,0.0,0.0,0.0,0.0,0.0,0.0,0.0,0.0,0.0
434,434,0.0,0.0,0.0,0.0,0.0,0.0,0.0,0.0,0.0,0.0,0.0,0.0,0.0,0.0,52.52279132120673,59.32913244275565,83.01683714121175,81.70765249519243,0.0,0.0,0.0,0.0,0.0,0.0,0.0,0.0,0.0,0.0,0.0,0.0,0.0,0.0
435,435,0.0,0.0,0.0,0.0,0.0,0.0,0.0,0.0,0.0,0.0,0.0,0.0,0.0,0.0,58.101857355950834,64.9934901178688,92.03438778061437,58.66203151525566,0.0,0.0,0.0,0.0,0.0,0.0,0.0,0.0,0.0,0.0,0.0,0.0,0.0,0.0
436,436,0.0,0.0,0.0,0.0,0.0,0.0,0.0,0.0,0.0,0.0,0.0,0.0,0.0,0.0,35.53400870267755,70.54608934955652,80.66585195591405,67.55538140493658,0.0,0.0,0.0,0.0,0.0,0.0,0.0,0.0,0.0,0.0,0.0,0.0,0.0,0.0
437,437,0.0,0.0,0.0,0.0,0.0,0.0,0.0,0.0,0.0,0.0,0.0,0.0,0.0,0.0,53.818515160070945,55.3430194475859,82.40597865959398,64.26619673233951,0.0,0.0,0.0,0.0,0.0,0.0,0.0,0.0,0.0,0.0,0.0,0.0,0.0,0.0
438,438,0.0,0.0,0.0,0.0,0.0,0.0,0.0,0.0,0.0,0.0,0.0,0.0,0.0,0.0,44.79533930500948,59.33335193924,75.90832895753476,61.88371883996469,0.0,0.0,0.0,0.0,0.0,0.0,0.0,0.0,0.0,0.0,0.0,0.0,0.0,0.0
439,439,0.0,0.0,0.0,0.0,0.0,0.0,0.0,0.0,0.0,0.0,0.0,0.0,0.0,0.0,0.0,59.093800964770885,71.45509047262439,76.11437346910729,0.0,0.0,0.0,0.0,0.0,0.0,0.0,0.0,0.0,0.0,0.0,0.0,0.0,0.0
440,440,0.0,0.0,0.0,0.0,0.0,0.0,0.0,0.0,0.0,0.0,0.0,0.0,0.0,0.0,0.0,71.76058322363798,99.74505619852665,71.28340056308292,0.0,0.0,0.0,0.0,0.0,0.0,0.0,0.0,0.0,0.0,0.0,0.0,0.0,0.0
441,441,0.0,0.0,0.0,0.0,0.0,0.0,0.0,0.0,0.0,0.0,0.0,0.0,0.0,0.0,0.0,70.55715598883906,76.4956662807832,68.27669437615589,0.0,0.0,0.0,0.0,0.0,0.0,0.0,0.0,0.0,0.0,0.0,0.0,0.0,0.0
442,442,0.0,0.0,0.0,0.0,0.0,0.0,0.0,0.0,0.0,0.0,0.0,0.0,0.0,0.0,0.0,60.274706020669136,77.81914017558994,65.06215539698503,0.0,0.0,0.0,0.0,0.0,0.0,0.0,0.0,0.0,0.0,0.0,0.0,0.0,0.0
443,443,0.0,0.0,0.0,0.0,0.0,0.0,0.0,0.0,0.0,0.0,0.0,0.0,0.0,0.0,0.0,68.36575671781604,83.30787461328075,73.79804949106455,0.0,0.0,0.0,0.0,0.0,0.0,0.0,0.0,0.0,0.0,0.0,0.0,0.0,0.0
444,444,0.0,0.0,0.0,0.0,0.0,0.0,0.0,0.0,0.0,0.0,0.0,0.0,0.0,0.0,0.0,67.57351123859485,86.89570183524157,78.47268092028537,0.0,0.0,0.0,0.0,0.0,0.0,0.0,0.0,0.0,0.0,0.0,0.0,0.0,0.0
445,445,0.0,0.0,0.0,0.0,0.0,0.0,0.0,0.0,0.0,0.0,0.0,0.0,0.0,0.0,0.0,70.50746673163354,77.50335353834382,63.64799767318705,0.0,0.0,0.0,0.0,0.0,0.0,0.0,0.0,0.0,0.0,0.0,0.0,0.0,0.0
446,446,0.0,0.0,0.0,0.0,0.0,0.0,0.0,0.0,0.0,0.0,0.0,0.0,0.0,0.0,0.0,68.76329862013665,79.51957099860991,71.28252017157807,0.0,0.0,0.0,0.0,0.0,0.0,0.0,0.0,0.0,0.0,0.0,0.0,0.0,0.0
447,447,0.0,0.0,0.0,0.0,0.0,0.0,0.0,0.0,0.0,0.0,0.0,0.0,0.0,0.0,0.0,49.82442081660769,79.59151423949103,76.34699103282458,0.0,0.0,0.0,0.0,0.0,0.0,0.0,0.0,0.0,0.0,0.0,0.0,0.0,0.0
448,448,0.0,0.0,0.0,0.0,0.0,0.0,0.0,0.0,0.0,0.0,0.0,0.0,0.0,0.0,0.0,57.165266212278055,88.0477547343771,68.3027647406575,0.0,0.0,0.0,0.0,0.0,0.0,0.0,0.0,0.0,0.0,0.0,0.0,0.0,0.0
449,449,0.0,0.0,0.0,0.0,0.0,0.0,0.0,0.0,0.0,0.0,0.0,0.0,0.0,0.0,0.0,61.724286797789986,88.31385154017785,94.62421481917731,0.0,0.0,0.0,0.0,0.0,0.0,0.0,0.0,0.0,0.0,0.0,0.0,0.0,0.0
450,450,0.0,0.0,0.0,0.0,0.0,0.0,0.0,0.0,0.0,0.0,0.0,0.0,0.0,0.0,0.0,64.7809781138225,65.81642291041769,76.11633209730182,51.24529440986068,0.0,0.0,0.0,0.0,0.0,0.0,0.0,0.0,0.0,0.0,0.0,0.0,0.0
451,451,0.0,0.0,0.0,0.0,0.0,0.0,0.0,0.0,0.0,0.0,0.0,0.0,0.0,0.0,0.0,59.6399353528483,79.47568228782899,59.96265303907874,39.99537102694629,0.0,0.0,0.0,0.0,0.0,0.0,0.0,0.0,0.0,0.0,0.0,0.0,0.0
452,452,0.0,0.0,0.0,0.0,0.0,0.0,0.0,0.0,0.0,0.0,0.0,0.0,0.0,0.0,0.0,53.286304508786614,95.35351358484886,85.24986614489193,58.74523210337644,0.0,0.0,0.0,0.0,0.0,0.0,0.0,0.0,0.0,0.0,0.0,0.0,0.0
453,453,0.0,0.0,0.0,0.0,0.0,0.0,0.0,0.0,0.0,0.0,0.0,0.0,0.0,0.0,0.0,61.79432271973819,79.18533829112899,67.76056027860072,43.814176650295245,0.0,0.0,0.0,0.0,0.0,0.0,0.0,0.0,0.0,0.0,0.0,0.0,0.0
454,454,0.0,0.0,0.0,0.0,0.0,0.0,0.0,0.0,0.0,0.0,0.0,0.0,0.0,0.0,0.0,62.9856214167407,95.83648165217241,73.73679812800657,59.65824283433794,0.0,0.0,0.0,0.0,0.0,0.0,0.0,0.0,0.0,0.0,0.0,0.0,0.0
455,455,0.0,0.0,0.0,0.0,0.0,0.0,0.0,0.0,0.0,0.0,0.0,0.0,0.0,0.0,0.0,54.398028395513165,89.0310927090358,73.52850546517917,52.41758313943381,0.0,0.0,0.0,0.0,0.0,0.0,0.0,0.0,0.0,0.0,0.0,0.0,0.0
456,456,0.0,0.0,0.0,0.0,0.0,0.0,0.0,0.0,0.0,0.0,0.0,0.0,0.0,0.0,0.0,42.54594628409635,84.46639116435486,74.95527333856678,61.85553640988164,0.0,0.0,0.0,0.0,0.0,0.0,0.0,0.0,0.0,0.0,0.0,0.0,0.0
457,457,0.0,0.0,0.0,0.0,0.0,0.0,0.0,0.0,0.0,0.0,0.0,0.0,0.0,0.0,0.0,66.83642623146456,74.29347939872487,84.18790458504502,44.69139463200438,0.0,0.0,0.0,0.0,0.0,0.0,0.0,0.0,0.0,0.0,0.0,0.0,0.0
458,458,0.0,0.0,0.0,0.0,0.0,0.0,0.0,0.0,0.0,0.0,0.0,0.0,0.0,0.0,0.0,68.62260657633439,77.95130708209228,70.96504675367149,65.40781304106153,0.0,0.0,0.0,0.0,0.0,0.0,0.0,0.0,0.0,0.0,0.0,0.0,0.0
459,459,0.0,0.0,0.0,0.0,0.0,0.0,0.0,0.0,0.0,0.0,0.0,0.0,0.0,0.0,0.0,54.313803965355405,68.04403974885604,75.15242955001202,51.39047537625899,0.0,0.0,0.0,0.0,0.0,0.0,0.0,0.0,0.0,0.0,0.0,0.0,0.0
460,460,0.0,0.0,0.0,0.0,0.0,0.0,0.0,0.0,0.0,0.0,0.0,0.0,0.0,0.0,0.0,46.48790200374629,86.95991664614778,73.12115972887328,65.26629922929706,0.0,0.0,0.0,0.0,0.0,0.0,0.0,0.0,0.0,0.0,0.0,0.0,0.0
461,461,0.0,0.0,0.0,0.0,0.0,0.0,0.0,0.0,0.0,0.0,0.0,0.0,0.0,0.0,0.0,30.591255857108195,81.41923268262136,81.09955662955394,48.09938532952107,0.0,0.0,0.0,0.0,0.0,0.0,0.0,0.0,0.0,0.0,0.0,0.0,0.0
462,462,0.0,0.0,0.0,0.0,0.0,0.0,0.0,0.0,0.0,0.0,0.0,0.0,0.0,0.0,0.0,59.101881163836296,70.14756459729921,66.336264003645,55.47100968262107,0.0,0.0,0.0,0.0,0.0,0.0,0.0,0.0,0.0,0.0,0.0,0.0,0.0
463,463,0.0,0.0,0.0,0.0,0.0,0.0,0.0,0.0,0.0,0.0,0.0,0.0,0.0,0.0,0.0,55.39501199113771,76.70331273384846,79.33215668454437,45.53664310553475,0.0,0.0,0.0,0.0,0.0,0.0,0.0,0.0,0.0,0.0,0.0,0.0,0.0
464,464,0.0,0.0,0.0,0.0,0.0,0.0,0.0,0.0,0.0,0.0,0.0,0.0,0.0,0.0,0.0,50.5779031784749,100.68180653275813,70.75804570120201,52.25085647890626,0.0,0.0,0.0,0.0,0.0,0.0,0.0,0.0,0.0,0.0,0.0,0.0,0.0
465,465,0.0,0.0,0.0,0.0,0.0,0.0,0.0,0.0,0.0,0.0,0.0,0.0,0.0,0.0,0.0,71.4114781972251,60.08701982095724,76.6432800632985,54.44381612389767,0.0,0.0,0.0,0.0,0.0,0.0,0.0,0.0,0.0,0.0,0.0,0.0,0.0
466,466,0.0,0.0,0.0,0.0,0.0,0.0,0.0,0.0,0.0,0.0,0.0,0.0,0.0,0.0,0.0,57.06073042192133,70.92906638032659,80.33281179140735,57.19053178509664,0.0,0.0,0.0,0.0,0.0,0.0,0.0,0.0,0.0,0.0,0.0,0.0,0.0
467,467,0.0,0.0,0.0,0.0,0.0,0.0,0.0,0.0,0.0,0.0,0.0,0.0,0.0,0.0,0.0,63.60359334689987,90.44478982645542,71.8312778097931,43.540859376355456,48.16279326927108,0.0,0.0,0.0,0.0,0.0,0.0,0.0,0.0,0.0,0.0,0.0,0.0
468,468,0.0,0.0,0.0,0.0,0.0,0.0,0.0,0.0,0.0,0.0,0.0,0.0,0.0,0.0,0.0,36.05098594555777,76.54064131903716,83.84963198901757,47.44585810046284,47.50848471507314,0.0,0.0,0.0,0.0,0.0,0.0,0.0,0.0,0.0,0.0,0.0,0.0
469,469,0.0,0.0,0.0,0.0,0.0,0.0,0.0,0.0,0.0,0.0,0.0,0.0,0.0,0.0,0.0,49.31294469590294,68.91234582679841,71.48989927878623,53.11492221817423,49.488619626432815,0.0,0.0,0.0,0.0,0.0,0.0,0.0,0.0,0.0,0.0,0.0,0.0
470,470,0.0,0.0,0.0,0.0,0.0,0.0,0.0,0.0,0.0,0.0,0.0,0.0,0.0,0.0,0.0,53.50801138932552,69.81649227813764,76.02996025204787,60.89613058366481,53.33043554080663,0.0,0.0,0.0,0.0,0.0,0.0,0.0,0.0,0.0,0.0,0.0,0.0
471,471,0.0,0.0,0.0,0.0,0.0,0.0,0.0,0.0,0.0,0.0,0.0,0.0,0.0,0.0,0.0,48.037849931913385,74.05619881942268,70.3441522553153,68.5030027440575,60.25477198731421,0.0,0.0,0.0,0.0,0.0,0.0,0.0,0.0,0.0,0.0,0.0,0.0
472,472,0.0,0.0,0.0,0.0,0.0,0.0,0.0,0.0,0.0,0.0,0.0,0.0,0.0,0.0,0.0,60.95341334351423,65.11093644756306,102.20815731033846,58.1424071042087,42.286487027793406,0.0,0.0,0.0,0.0,0.0,0.0,0.0,0.0,0.0,0.0,0.0,0.0
473,473,0.0,0.0,0.0,0.0,0.0,0.0,0.0,0.0,0.0,0.0,0.0,0.0,0.0,0.0,0.0,48.42044788780987,86.63044916162616,58.31295836351244,58.18124924488476,56.675276945309136,0.0,0.0,0.0,0.0,0.0,0.0,0.0,0.0,0.0,0.0,0.0,0.0
474,474,0.0,0.0,0.0,0.0,0.0,0.0,0.0,0.0,0.0,0.0,0.0,0.0,0.0,0.0,0.0,59.83538348724322,68.52341170520981,77.19486675381846,72.31998859018474,48.30858298111548,0.0,0.0,0.0,0.0,0.0,0.0,0.0,0.0,0.0,0.0,0.0,0.0
475,475,0.0,0.0,0.0,0.0,0.0,0.0,0.0,0.0,0.0,0.0,0.0,0.0,0.0,0.0,0.0,43.35880496006703,72.32758669559374,68.64330968890798,58.248024120426976,64.40486064256132,0.0,0.0,0.0,0.0,0.0,0.0,0.0,0.0,0.0,0.0,0.0,0.0
476,476,0.0,0.0,0.0,0.0,0.0,0.0,0.0,0.0,0.0,0.0,0.0,0.0,0.0,0.0,0.0,49.75904896154663,72.60928659759051,75.37256575435708,47.04023334976186,57.29288129545441,0.0,0.0,0.0,0.0,0.0,0.0,0.0,0.0,0.0,0.0,0.0,0.0
477,477,0.0,0.0,0.0,0.0,0.0,0.0,0.0,0.0,0.0,0.0,0.0,0.0,0.0,0.0,0.0,0.0,77.77921857934001,88.68627940400721,47.98691460680243,45.157954236577375,0.0,0.0,0.0,0.0,0.0,0.0,0.0,0.0,0.0,0.0,0.0,0.0
478,478,0.0,0.0,0.0,0.0,0.0,0.0,0.0,0.0,0.0,0.0,0.0,0.0,0.0,0.0,0.0,0.0,82.23928267573197,73.6927243765212,57.27853375848906,56.38194534122673,0.0,0.0,0.0,0.0,0.0,0.0,0.0,0.0,0.0,0.0,0.0,0.0
479,479,0.0,0.0,0.0,0.0,0.0,0.0,0.0,0.0,0.0,0.0,0.0,0.0,0.0,0.0,0.0,0.0,73.1164531780662,76.44753835124888,39.4779438457862,55.22845799361594,0.0,0.0,0.0,0.0,0.0,0.0,0.0,0.0,0.0,0.0,0.0,0.0
480,480,0.0,0.0,0.0,0.0,0.0,0.0,0.0,0.0,0.0,0.0,0.0,0.0,0.0,0.0,0.0,0.0,66.86393551521184,89.97157974055423,63.17590069027138,52.45907578613122,0.0,0.0,0.0,0.0,0.0,0.0,0.0,0.0,0.0,0.0,0.0,0.0
481,481,0.0,0.0,0.0,0.0,0.0,0.0,0.0,0.0,0.0,0.0,0.0,0.0,0.0,0.0,0.0,0.0,71.0125467850182,77.49119585020117,69.17553585865973,43.90664909858408,0.0,0.0,0.0,0.0,0.0,0.0,0.0,0.0,0.0,0.0,0.0,0.0
482,482,0.0,0.0,0.0,0.0,0.0,0.0,0.0,0.0,0.0,0.0,0.0,0.0,0.0,0.0,0.0,0.0,64.74653340834222,73.78150895977691,41.07403571827872,52.323418546651595,0.0,0.0,0.0,0.0,0.0,0.0,0.0,0.0,0.0,0.0,0.0,0.0
483,483,0.0,0.0,0.0,0.0,0.0,0.0,0.0,0.0,0.0,0.0,0.0,0.0,0.0,0.0,0.0,0.0,58.01924235404688,81.28636444864502,65.72491180207886,59.758097383746744,0.0,0.0,0.0,0.0,0.0,0.0,0.0,0.0,0.0,0.0,0.0,0.0
484,484,0.0,0.0,0.0,0.0,0.0,0.0,0.0,0.0,0.0,0.0,0.0,0.0,0.0,0.0,0.0,0.0,63.63574769699275,84.81775218825138,61.665891537353346,57.61733632981207,0.0,0.0,0.0,0.0,0.0,0.0,0.0,0.0,0.0,0.0,0.0,0.0
485,485,0.0,0.0,0.0,0.0,0.0,0.0,0.0,0.0,0.0,0.0,0.0,0.0,0.0,0.0,0.0,0.0,77.69655661136058,76.10345147066498,58.82914406200057,48.96790314754361,0.0,0.0,0.0,0.0,0.0,0.0,0.0,0.0,0.0,0.0,0.0,0.0
486,486,0.0,0.0,0.0,0.0,0.0,0.0,0.0,0.0,0.0,0.0,0.0,0.0,0.0,0.0,0.0,0.0,65.69181738782346,75.56623455052481,41.14222332665912,54.896983542203344,0.0,0.0,0.0,0.0,0.0,0.0,0.0,0.0,0.0,0.0,0.0,0.0
487,487,0.0,0.0,0.0,0.0,0.0,0.0,0.0,0.0,0.0,0.0,0.0,0.0,0.0,0.0,0.0,0.0,71.08060538625236,92.28132456403105,66.65993045871231,67.79274545149259,0.0,0.0,0.0,0.0,0.0,0.0,0.0,0.0,0.0,0.0,0.0,0.0
488,488,0.0,0.0,0.0,0.0,0.0,0.0,0.0,0.0,0.0,0.0,0.0,0.0,0.0,0.0,0.0,0.0,61.11804251932931,78.24928360295736,51.11609103729495,66.35576479866353,0.0,0.0,0.0,0.0,0.0,0.0,0.0,0.0,0.0,0.0,0.0,0.0
489,489,0.0,0.0,0.0,0.0,0.0,0.0,0.0,0.0,0.0,0.0,0.0,0.0,0.0,0.0,0.0,0.0,87.63195644513269,77.39753629928464,48.791266360733005,52.98596987342543,0.0,0.0,0.0,0.0,0.0,0.0,0.0,0.0,0.0,0.0,0.0,0.0
490,490,0.0,0.0,0.0,0.0,0.0,0.0,0.0,0.0,0.0,0.0,0.0,0.0,0.0,0.0,0.0,0.0,70.55024943662663,72.75362399609685,64.13892045098345,75.33675959547799,0.0,0.0,0.0,0.0,0.0,0.0,0.0,0.0,0.0,0.0,0.0,0.0
491,491,0.0,0.0,0.0,0.0,0.0,0.0,0.0,0.0,0.0,0.0,0.0,0.0,0.0,0.0,0.0,0.0,57.43443730405151,89.43527704235879,44.21958267241301,48.50997232787322,0.0,0.0,0.0,0.0,0.0,0.0,0.0,0.0,0.0,0.0,0.0,0.0
492,492,0.0,0.0,0.0,0.0,0.0,0.0,0.0,0.0,0.0,0.0,0.0,0.0,0.0,0.0,0.0,0.0,46.38615975388,85.64938229820883,70.38141217656991,55.38141797887849,0.0,0.0,0.0,0.0,0.0,0.0,0.0,0.0,0.0,0.0,0.0,0.0
493,493,0.0,0.0,0.0,0.0,0.0,0.0,0.0,0.0,0.0,0.0,0.0,0.0,0.0,0.0,0.0,0.0,66.57132063302268,83.51621663036659,66.33651679752046,57.87920720049286,0.0,0.0,0.0,0.0,0.0,0.0,0.0,0.0,0.0,0.0,0.0,0.0
494,494,0.0,0.0,0.0,0.0,0.0,0.0,0.0,0.0,0.0,0.0,0.0,0.0,0.0,0.0,0.0,0.0,70.83083119662633,85.29804139819146,51.924415208456224,60.20910513249131,0.0,0.0,0.0,0.0,0.0,0.0,0.0,0.0,0.0,0.0,0.0,0.0
495,495,0.0,0.0,0.0,0.0,0.0,0.0,0.0,0.0,0.0,0.0,0.0,0.0,0.0,0.0,0.0,0.0,72.53742780936818,76.73310198794861,67.73396487330668,65.39903142195507,0.0,0.0,0.0,0.0,0.0,0.0,0.0,0.0,0.0,0.0,0.0,0.0
496,496,0.0,0.0,0.0,0.0,0.0,0.0,0.0,0.0,0.0,0.0,0.0,0.0,0.0,0.0,0.0,0.0,56.22835664335004,77.75988086867083,55.806527441070074,57.85819591835901,0.0,0.0,0.0,0.0,0.0,0.0,0.0,0.0,0.0,0.0,0.0,0.0
497,497,0.0,0.0,0.0,0.0,0.0,0.0,0.0,0.0,0.0,0.0,0.0,0.0,0.0,0.0,0.0,0.0,74.5331976674555,73.25087554876748,68.10806592785792,64.06326964896053,0.0,0.0,0.0,0.0,0.0,0.0,0.0,0.0,0.0,0.0,0.0,0.0
498,498,0.0,0.0,0.0,0.0,0.0,0.0,0.0,0.0,0.0,0.0,0.0,0.0,0.0,0.0,0.0,0.0,49.60136625471017,75.51906043249863,58.1009567693105,64.55018681992058,0.0,0.0,0.0,0.0,0.0,0.0,0.0,0.0,0.0,0.0,0.0,0.0
499,499,0.0,0.0,0.0,0.0,0.0,0.0,0.0,0.0,0.0,0.0,0.0,0.0,0.0,0.0,0.0,0.0,59.709528978411385,85.34202567672735,68.9017703590225,60.20815269068987,53.77999043009146,0.0,0.0,0.0,0.0,0.0,0.0,0.0,0.0,0.0,0.0,0.0
500,500,0.0,0.0,0.0,0.0,0.0,0.0,0.0,0.0,0.0,0.0,0.0,0.0,0.0,0.0,0.0,0.0,55.8974960531114,71.84952484918804,47.49928086520918,51.22808946299575,61.62146955823316,0.0,0.0,0.0,0.0,0.0,0.0,0.0,0.0,0.0,0.0,0.0
501,501,0.0,0.0,0.0,0.0,0.0,0.0,0.0,0.0,0.0,0.0,0.0,0.0,0.0,0.0,0.0,0.0,66.28742864856652,90.61472051597623,56.32571236657384,72.65969327675762,44.67571498102193,0.0,0.0,0.0,0.0,0.0,0.0,0.0,0.0,0.0,0.0,0.0
502,502,0.0,0.0,0.0,0.0,0.0,0.0,0.0,0.0,0.0,0.0,0.0,0.0,0.0,0.0,0.0,0.0,49.26817661129623,66.64417394357358,58.96168435513198,66.5962862930495,64.53642394526952,0.0,0.0,0.0,0.0,0.0,0.0,0.0,0.0,0.0,0.0,0.0
503,503,0.0,0.0,0.0,0.0,0.0,0.0,0.0,0.0,0.0,0.0,0.0,0.0,0.0,0.0,0.0,0.0,59.35705269493283,76.39515929950997,60.07449231800297,77.21828028551346,57.44876844151729,0.0,0.0,0.0,0.0,0.0,0.0,0.0,0.0,0.0,0.0,0.0
504,504,0.0,0.0,0.0,0.0,0.0,0.0,0.0,0.0,0.0,0.0,0.0,0.0,0.0,0.0,0.0,0.0,56.7539819499532,77.88578265752825,53.54034382724682,46.83782115841301,35.51555811654539,0.0,0.0,0.0,0.0,0.0,0.0,0.0,0.0,0.0,0.0,0.0
505,505,0.0,0.0,0.0,0.0,0.0,0.0,0.0,0.0,0.0,0.0,0.0,0.0,0.0,0.0,0.0,0.0,65.51647154126216,102.92624838051171,71.29437760068113,75.43382876726145,48.85428815375633,0.0,0.0,0.0,0.0,0.0,0.0,0.0,0.0,0.0,0.0,0.0
506,506,0.0,0.0,0.0,0.0,0.0,0.0,0.0,0.0,0.0,0.0,0.0,0.0,0.0,0.0,0.0,0.0,54.023143520318655,69.62099707705784,67.2927545755064,57.92188928923553,58.49821018930969,0.0,0.0,0.0,0.0,0.0,0.0,0.0,0.0,0.0,0.0,0.0
507,507,0.0,0.0,0.0,0.0,0.0,0.0,0.0,0.0,0.0,0.0,0.0,0.0,0.0,0.0,0.0,0.0,59.07987934647241,76.95142027182052,47.110911269173066,59.282155963657274,50.56132077078638,0.0,0.0,0.0,0.0,0.0,0.0,0.0,0.0,0.0,0.0,0.0
508,508,0.0,0.0,0.0,0.0,0.0,0.0,0.0,0.0,0.0,0.0,0.0,0.0,0.0,0.0,0.0,0.0,59.936052691210364,74.28420011053691,67.69858973268519,74.76501365290476,48.64099721658998,0.0,0.0,0.0,0.0,0.0,0.0,0.0,0.0,0.0,0.0,0.0
509,509,0.0,0.0,0.0,0.0,0.0,0.0,0.0,0.0,0.0,0.0,0.0,0.0,0.0,0.0,0.0,0.0,49.1662127688324,80.7901058293051,69.80966440081849,48.15592924337443,58.627794051030044,0.0,0.0,0.0,0.0,0.0,0.0,0.0,0.0,0.0,0.0,0.0
510,510,0.0,0.0,0.0,0.0,0.0,0.0,0.0,0.0,0.0,0.0,0.0,0.0,0.0,0.0,0.0,0.0,52.137692283679705,84.73233792125576,70.75732187723081,54.888347742966204,51.738986344287845,0.0,0.0,0.0,0.0,0.0,0.0,0.0,0.0,0.0,0.0,0.0
511,511,0.0,0.0,0.0,0.0,0.0,0.0,0.0,0.0,0.0,0.0,0.0,0.0,0.0,0.0,0.0,0.0,46.232021451722574,64.69474304160626,66.3971976674726,67.30907544922934,59.26954198664738,0.0,0.0,0.0,0.0,0.0,0.0,0.0,0.0,0.0,0.0,0.0
512,512,0.0,0.0,0.0,0.0,0.0,0.0,0.0,0.0,0.0,0.0,0.0,0.0,0.0,0.0,0.0,0.0,51.09015839502456,89.58825461651776,68.911307576593,65.73569172468511,63.63400989668156,0.0,0.0,0.0,0.0,0.0,0.0,0.0,0.0,0.0,0.0,0.0
513,513,0.0,0.0,0.0,0.0,0.0,0.0,0.0,0.0,0.0,0.0,0.0,0.0,0.0,0.0,0.0,0.0,57.3552003785468,64.10837707662444,63.22292112262049,58.43498291520869,53.31223261449702,0.0,0.0,0.0,0.0,0.0,0.0,0.0,0.0,0.0,0.0,0.0
514,514,0.0,0.0,0.0,0.0,0.0,0.0,0.0,0.0,0.0,0.0,0.0,0.0,0.0,0.0,0.0,0.0,58.542387684224515,62.665025382131034,63.549508995213245,69.28741173536697,46.456920864532485,0.0,0.0,0.0,0.0,0.0,0.0,0.0,0.0,0.0,0.0,0.0
515,515,0.0,0.0,0.0,0.0,0.0,0.0,0.0,0.0,0.0,0.0,0.0,0.0,0.0,0.0,0.0,0.0,47.5377670172159,70.3771331329141,64.74572727435977,59.209670386681665,56.8873434572711,0.0,0.0,0.0,0.0,0.0,0.0,0.0,0.0,0.0,0.0,0.0
516,516,0.0,0.0,0.0,0.0,0.0,0.0,0.0,0.0,0.0,0.0,0.0,0.0,0.0,0.0,0.0,0.0,51.17580549971116,79.86683029918608,55.71559021230528,70.85457957498423,60.802718850354545,0.0,0.0,0.0,0.0,0.0,0.0,0.0,0.0,0.0,0.0,0.0
517,517,0.0,0.0,0.0,0.0,0.0,0.0,0.0,0.0,0.0,0.0,0.0,0.0,0.0,0.0,0.0,0.0,45.29869389362502,89.30807780280904,70.75086919960673,68.33385465389865,63.86322544741405,0.0,0.0,0.0,0.0,0.0,0.0,0.0,0.0,0.0,0.0,0.0
518,518,0.0,0.0,0.0,0.0,0.0,0.0,0.0,0.0,0.0,0.0,0.0,0.0,0.0,0.0,0.0,0.0,43.507254095592124,76.01418907850159,53.136581919356814,60.61744926431351,75.01702180759239,0.0,0.0,0.0,0.0,0.0,0.0,0.0,0.0,0.0,0.0,0.0
519,519,0.0,0.0,0.0,0.0,0.0,0.0,0.0,0.0,0.0,0.0,0.0,0.0,0.0,0.0,0.0,0.0,52.28145730438272,73.21541828135763,69.53154594351467,67.25888395256348,65.00747734723257,0.0,0.0,0.0,0.0,0.0,0.0,0.0,0.0,0.0,0.0,0.0
520,520,0.0,0.0,0.0,0.0,0.0,0.0,0.0,0.0,0.0,0.0,0.0,0.0,0.0,0.0,0.0,0.0,0.0,64.25197523994538,62.5952199435441,61.42080410828051,66.40049978120555,0.0,0.0,0.0,0.0,0.0,0.0,0.0,0.0,0.0,0.0,0.0
521,521,0.0,0.0,0.0,0.0,0.0,0.0,0.0,0.0,0.0,0.0,0.0,0.0,0.0,0.0,0.0,0.0,0.0,68.08935266980671,47.82780459524578,65.55741629601957,63.89594869108548,0.0,0.0,0.0,0.0,0.0,0.0,0.0,0.0,0.0,0.0,0.0
522,522,0.0,0.0,0.0,0.0,0.0,0.0,0.0,0.0,0.0,0.0,0.0,0.0,0.0,0.0,0.0,0.0,0.0,83.3321392685872,63.932791852689355,65.29841706578145,60.18260569325236,0.0,0.0,0.0,0.0,0.0,0.0,0.0,0.0,0.0,0.0,0.0
523,523,0.0,0.0,0.0,0.0,0.0,0.0,0.0,0.0,0.0,0.0,0.0,0.0,0.0,0.0,0.0,0.0,0.0,42.648925252406784,44.151235301613475,55.66248879367387,72.65940387534731,0.0,0.0,0.0,0.0,0.0,0.0,0.0,0.0,0.0,0.0,0.0
524,524,0.0,0.0,0.0,0.0,0.0,0.0,0.0,0.0,0.0,0.0,0.0,0.0,0.0,0.0,0.0,0.0,0.0,72.8847195483761,69.03108381343685,60.34182836863396,65.4526807041478,0.0,0.0,0.0,0.0,0.0,0.0,0.0,0.0,0.0,0.0,0.0
525,525,0.0,0.0,0.0,0.0,0.0,0.0,0.0,0.0,0.0,0.0,0.0,0.0,0.0,0.0,0.0,0.0,0.0,77.02971152697167,57.90321329310073,64.71448027759986,64.26724753095988,55.23053922690144,0.0,0.0,0.0,0.0,0.0,0.0,0.0,0.0,0.0,0.0
526,526,0.0,0.0,0.0,0.0,0.0,0.0,0.0,0.0,0.0,0.0,0.0,0.0,0.0,0.0,0.0,0.0,0.0,73.5479116504431,68.68273862702966,71.23902035587051,57.20250773987386,54.16735511575694,0.0,0.0,0.0,0.0,0.0,0.0,0.0,0.0,0.0,0.0
527,527,0.0,0.0,0.0,0.0,0.0,0.0,0.0,0.0,0.0,0.0,0.0,0.0,0.0,0.0,0.0,0.0,0.0,53.12751653158681,67.78820535606064,55.364242204919805,69.56840159904874,58.32860641014582,0.0,0.0,0.0,0.0,0.0,0.0,0.0,0.0,0.0,0.0
528,528,0.0,0.0,0.0,0.0,0.0,0.0,0.0,0.0,0.0,0.0,0.0,0.0,0.0,0.0,0.0,0.0,0.0,80.02475409381002,56.12180776109183,49.96079877722108,55.083015156748935,59.37767179476437,0.0,0.0,0.0,0.0,0.0,0.0,0.0,0.0,0.0,0.0
529,529,0.0,0.0,0.0,0.0,0.0,0.0,0.0,0.0,0.0,0.0,0.0,0.0,0.0,0.0,0.0,0.0,0.0,73.00469766340015,58.53173120869603,60.752041796558984,62.23163345244079,46.98236998262234,0.0,0.0,0.0,0.0,0.0,0.0,0.0,0.0,0.0,0.0
530,530,0.0,0.0,0.0,0.0,0.0,0.0,0.0,0.0,0.0,0.0,0.0,0.0,0.0,0.0,0.0,0.0,0.0,62.365357894306825,64.32939840390506,59.26762646240171,85.44278792999896,51.52807050730746,0.0,0.0,0.0,0.0,0.0,0.0,0.0,0.0,0.0,0.0
531,531,0.0,0.0,0.0,0.0,0.0,0.0,0.0,0.0,0.0,0.0,0.0,0.0,0.0,0.0,0.0,0.0,0.0,67.4234820253503,63.11591539208703,58.84182968915816,74.8528539686742,33.27023271030109,0.0,0.0,0.0,0.0,0.0,0.0,0.0,0.0,0.0,0.0
532,532,0.0,0.0,0.0,0.0,0.0,0.0,0.0,0.0,0.0,0.0,0.0,0.0,0.0,0.0,0.0,0.0,0.0,62.21407345763538,50.7401043840337,77.08382114143453,57.434690237902814,57.89486543983523,0.0,0.0,0.0,0.0,0.0,0.0,0.0,0.0,0.0,0.0
533,533,0.0,0.0,0.0,0.0,0.0,0.0,0.0,0.0,0.0,0.0,0.0,0.0,0.0,0.0,0.0,0.0,0.0,53.63306524778935,48.99098614929477,72.08727407869354,51.939410311855376,53.22497222011788,0.0,0.0,0.0,0.0,0.0,0.0,0.0,0.0,0.0,0.0
534,534,0.0,0.0,0.0,0.0,0.0,0.0,0.0,0.0,0.0,0.0,0.0,0.0,0.0,0.0,0.0,0.0,0.0,68.6864131519389,68.87791933654654,66.75405151333243,70.725471654105,50.51921955139932,0.0,0.0,0.0,0.0,0.0,0.0,0.0,0.0,0.0,0.0
535,535,0.0,0.0,0.0,0.0,0.0,0.0,0.0,0.0,0.0,0.0,0.0,0.0,0.0,0.0,0.0,0.0,0.0,76.70836184133978,54.13893518563705,60.288842250914826,75.60269322640505,56.857906411719824,0.0,0.0,0.0,0.0,0.0,0.0,0.0,0.0,0.0,0.0
536,536,0.0,0.0,0.0,0.0,0.0,0.0,0.0,0.0,0.0,0.0,0.0,0.0,0.0,0.0,0.0,0.0,0.0,64.32262408532061,71.88076129606266,49.200715171968525,62.393072661543684,57.55897324473949,0.0,0.0,0.0,0.0,0.0,0.0,0.0,0.0,0.0,0.0
537,537,0.0,0.0,0.0,0.0,0.0,0.0,0.0,0.0,0.0,0.0,0.0,0.0,0.0,0.0,0.0,0.0,0.0,68.86519029561553,64.50807763193286,55.676921518690875,69.79961928266614,48.673913719269066,0.0,0.0,0.0,0.0,0.0,0.0,0.0,0.0,0.0,0.0
538,538,0.0,0.0,0.0,0.0,0.0,0.0,0.0,0.0,0.0,0.0,0.0,0.0,0.0,0.0,0.0,0.0,0.0,46.67439400799434,49.408196683611784,62.62118020916614,69.79582127547954,62.534949395323736,0.0,0.0,0.0,0.0,0.0,0.0,0.0,0.0,0.0,0.0
539,539,0.0,0.0,0.0,0.0,0.0,0.0,0.0,0.0,0.0,0.0,0.0,0.0,0.0,0.0,0.0,0.0,0.0,66.14346682264336,71.11888248048865,72.66557896237937,74.85144718724682,64.2805850256137,0.0,0.0,0.0,0.0,0.0,0.0,0.0,0.0,0.0,0.0
540,540,0.0,0.0,0.0,0.0,0.0,0.0,0.0,0.0,0.0,0.0,0.0,0.0,0.0,0.0,0.0,0.0,0.0,56.61678560035227,63.58253247910365,66.5937724674631,72.65192275732828,61.67635635058474,0.0,0.0,0.0,0.0,0.0,0.0,0.0,0.0,0.0,0.0
541,541,0.0,0.0,0.0,0.0,0.0,0.0,0.0,0.0,0.0,0.0,0.0,0.0,0.0,0.0,0.0,0.0,0.0,55.356575477953015,60.43127173465926,63.970957120754626,50.61445825076957,61.120048126572776,0.0,0.0,0.0,0.0,0.0,0.0,0.0,0.0,0.0,0.0
542,542,0.0,0.0,0.0,0.0,0.0,0.0,0.0,0.0,0.0,0.0,0.0,0.0,0.0,0.0,0.0,0.0,0.0,61.88956776720346,60.76420283206369,66.38411507055058,68.80143898221029,45.838641463852355,0.0,0.0,0.0,0.0,0.0,0.0,0.0,0.0,0.0,0.0
543,543,0.0,0.0,0.0,0.0,0.0,0.0,0.0,0.0,0.0,0.0,0.0,0.0,0.0,0.0,0.0,0.0,0.0,65.19987039216187,57.36868928448421,66.52262293578102,79.25604766935129,41.22878779271092,0.0,0.0,0.0,0.0,0.0,0.0,0.0,0.0,0.0,0.0
544,544,0.0,0.0,0.0,0.0,0.0,0.0,0.0,0.0,0.0,0.0,0.0,0.0,0.0,0.0,0.0,0.0,0.0,55.95132649411313,63.094071715230456,79.81554412726746,69.54197815316613,52.20204105700318,0.0,0.0,0.0,0.0,0.0,0.0,0.0,0.0,0.0,0.0
545,545,0.0,0.0,0.0,0.0,0.0,0.0,0.0,0.0,0.0,0.0,0.0,0.0,0.0,0.0,0.0,0.0,0.0,65.4209765920025,47.03891663825201,65.44189013373756,73.1557184884253,45.58499346440193,0.0,0.0,0.0,0.0,0.0,0.0,0.0,0.0,0.0,0.0
546,546,0.0,0.0,0.0,0.0,0.0,0.0,0.0,0.0,0.0,0.0,0.0,0.0,0.0,0.0,0.0,0.0,0.0,40.90014278088764,42.5237596850912,68.36198431639593,82.00117088097939,45.524852420521164,0.0,0.0,0.0,0.0,0.0,0.0,0.0,0.0,0.0,0.0
547,547,0.0,0.0,0.0,0.0,0.0,0.0,0.0,0.0,0.0,0.0,0.0,0.0,0.0,0.0,0.0,0.0,0.0,57.383224929140155,50.26969959548731,64.84969160768316,71.78415803813907,45.114616260280656,0.0,0.0,0.0,0.0,0.0,0.0,0.0,0.0,0.0,0.0
548,548,0.0,0.0,0.0,0.0,0.0,0.0,0.0,0.0,0.0,0.0,0.0,0.0,0.0,0.0,0.0,0.0,0.0,55.355044342874734,59.371175692976536,67.11091411524728,80.8721234036478,57.678988161688395,0.0,0.0,0.0,0.0,0.0,0.0,0.0,0.0,0.0,0.0
549,549,0.0,0.0,0.0,0.0,0.0,0.0,0.0,0.0,0.0,0.0,0.0,0.0,0.0,0.0,0.0,0.0,0.0,62.142333181988825,56.40696009856987,62.55961248935928,66.38499553648377,66.98347864938066,0.0,0.0,0.0,0.0,0.0,0.0,0.0,0.0,0.0,0.0
550,550,0.0,0.0,0.0,0.0,0.0,0.0,0.0,0.0,0.0,0.0,0.0,0.0,0.0,0.0,0.0,0.0,0.0,50.72660149197533,52.38319614303488,71.35044525876017,72.44342412814505,64.46884972209327,0.0,0.0,0.0,0.0,0.0,0.0,0.0,0.0,0.0,0.0
551,551,0.0,0.0,0.0,0.0,0.0,0.0,0.0,0.0,0.0,0.0,0.0,0.0,0.0,0.0,0.0,0.0,0.0,49.86441651539146,62.93027396887172,67.23527736133096,64.73125484731563,52.00926423100455,0.0,0.0,0.0,0.0,0.0,0.0,0.0,0.0,0.0,0.0
552,552,0.0,0.0,0.0,0.0,0.0,0.0,0.0,0.0,0.0,0.0,0.0,0.0,0.0,0.0,0.0,0.0,0.0,59.65027805784429,51.59422309641734,50.93468744360332,82.11957285562507,69.07665945305055,0.0,0.0,0.0,0.0,0.0,0.0,0.0,0.0,0.0,0.0
553,553,0.0,0.0,0.0,0.0,0.0,0.0,0.0,0.0,0.0,0.0,0.0,0.0,0.0,0.0,0.0,0.0,0.0,54.1620060468472,64.99831255039953,71.41250661020734,76.14464886354898,75.49913006852992,0.0,0.0,0.0,0.0,0.0,0.0,0.0,0.0,0.0,0.0
554,554,0.0,0.0,0.0,0.0,0.0,0.0,0.0,0.0,0.0,0.0,0.0,0.0,0.0,0.0,0.0,0.0,0.0,59.10733676570665,49.202567350061344,64.60301980506837,78.98712910238824,56.77519660909944,0.0,0.0,0.0,0.0,0.0,0.0,0.0,0.0,0.0,0.0
555,555,0.0,0.0,0.0,0.0,0.0,0.0,0.0,0.0,0.0,0.0,0.0,0.0,0.0,0.0,0.0,0.0,0.0,68.22947386540135,59.27460489209825,47.44465326481489,75.8607962501641,67.61115580253772,0.0,0.0,0.0,0.0,0.0,0.0,0.0,0.0,0.0,0.0
556,556,0.0,0.0,0.0,0.0,0.0,0.0,0.0,0.0,0.0,0.0,0.0,0.0,0.0,0.0,0.0,0.0,0.0,58.69240969274881,47.08381228100384,61.25788238996567,73.14767403093525,74.70379962734276,0.0,0.0,0.0,0.0,0.0,0.0,0.0,0.0,0.0,0.0
557,557,0.0,0.0,0.0,0.0,0.0,0.0,0.0,0.0,0.0,0.0,0.0,0.0,0.0,0.0,0.0,0.0,0.0,55.49578351992757,60.621288853248686,61.9538095416047,66.60755455255102,65.95644900326695,0.0,0.0,0.0,0.0,0.0,0.0,0.0,0.0,0.0,0.0
558,558,0.0,0.0,0.0,0.0,0.0,0.0,0.0,0.0,0.0,0.0,0.0,0.0,0.0,0.0,0.0,0.0,0.0,52.335897120467905,53.133358130919106,63.47078691971997,75.48460233909393,66.3694889106641,0.0,0.0,0.0,0.0,0.0,0.0,0.0,0.0,0.0,0.0
559,559,0.0,0.0,0.0,0.0,0.0,0.0,0.0,0.0,0.0,0.0,0.0,0.0,0.0,0.0,0.0,0.0,0.0,60.66583769138492,51.6463203927745,71.19625145666338,80.89355952665323,74.2764816911477,0.0,0.0,0.0,0.0,0.0,0.0,0.0,0.0,0.0,0.0
560,560,0.0,0.0,0.0,0.0,0.0,0.0,0.0,0.0,0.0,0.0,0.0,0.0,0.0,0.0,0.0,0.0,0.0,61.395281369112936,58.55222278671655,56.2651948438338,87.43648649959287,68.38912033075566,0.0,0.0,0.0,0.0,0.0,0.0,0.0,0.0,0.0,0.0
561,561,0.0,0.0,0.0,0.0,0.0,0.0,0.0,0.0,0.0,0.0,0.0,0.0,0.0,0.0,0.0,0.0,0.0,56.476955299804516,44.82231186884615,60.1730351610846,68.76509416274192,73.01110471941489,0.0,0.0,0.0,0.0,0.0,0.0,0.0,0.0,0.0,0.0
562,562,0.0,0.0,0.0,0.0,0.0,0.0,0.0,0.0,0.0,0.0,0.0,0.0,0.0,0.0,0.0,0.0,0.0,51.38060269794028,56.18859199829231,63.746829023268425,84.93226794014787,79.48656274499515,0.0,0.0,0.0,0.0,0.0,0.0,0.0,0.0,0.0,0.0
563,563,0.0,0.0,0.0,0.0,0.0,0.0,0.0,0.0,0.0,0.0,0.0,0.0,0.0,0.0,0.0,0.0,0.0,55.67918824664905,64.86364067748625,68.99885575129935,79.14647444770817,65.37904214392702,0.0,0.0,0.0,0.0,0.0,0.0,0.0,0.0,0.0,0.0
564,564,0.0,0.0,0.0,0.0,0.0,0.0,0.0,0.0,0.0,0.0,0.0,0.0,0.0,0.0,0.0,0.0,0.0,64.47237819128705,42.01484405800371,76.79625519565253,88.85408661647217,64.84579337265761,0.0,0.0,0.0,0.0,0.0,0.0,0.0,0.0,0.0,0.0
565,565,0.0,0.0,0.0,0.0,0.0,0.0,0.0,0.0,0.0,0.0,0.0,0.0,0.0,0.0,0.0,0.0,0.0,57.30796923124789,0.0,65.3847328313814,75.48418196419586,72.53466999209964,0.0,0.0,0.0,0.0,0.0,0.0,0.0,0.0,0.0,0.0
566,566,0.0,0.0,0.0,0.0,0.0,0.0,0.0,0.0,0.0,0.0,0.0,0.0,0.0,0.0,0.0,0.0,0.0,54.914049574255515,0.0,58.9483897104664,73.48673214264072,62.7419941185851,0.0,0.0,0.0,0.0,0.0,0.0,0.0,0.0,0.0,0.0
567,567,0.0,0.0,0.0,0.0,0.0,0.0,0.0,0.0,0.0,0.0,0.0,0.0,0.0,0.0,0.0,0.0,0.0,0.0,0.0,47.8908256623968,84.91799392825523,70.05490773367445,0.0,0.0,0.0,0.0,0.0,0.0,0.0,0.0,0.0,0.0
568,568,0.0,0.0,0.0,0.0,0.0,0.0,0.0,0.0,0.0,0.0,0.0,0.0,0.0,0.0,0.0,0.0,0.0,0.0,0.0,68.61406773900296,97.34546992108044,62.81025149342182,0.0,0.0,0.0,0.0,0.0,0.0,0.0,0.0,0.0,0.0
569,569,0.0,0.0,0.0,0.0,0.0,0.0,0.0,0.0,0.0,0.0,0.0,0.0,0.0,0.0,0.0,0.0,0.0,0.0,0.0,64.55247325266721,73.97632319086138,57.57943427403882,0.0,0.0,0.0,0.0,0.0,0.0,0.0,0.0,0.0,0.0
570,570,0.0,0.0,0.0,0.0,0.0,0.0,0.0,0.0,0.0,0.0,0.0,0.0,0.0,0.0,0.0,0.0,0.0,0.0,0.0,54.38254815621236,81.14413221057916,65.91370042131791,0.0,0.0,0.0,0.0,0.0,0.0,0.0,0.0,0.0,0.0
571,571,0.0,0.0,0.0,0.0,0.0,0.0,0.0,0.0,0.0,0.0,0.0,0.0,0.0,0.0,0.0,0.0,0.0,0.0,0.0,50.61317172727213,73.4261867538545,72.24716805365426,0.0,0.0,0.0,0.0,0.0,0.0,0.0,0.0,0.0,0.0
572,572,0.0,0.0,0.0,0.0,0.0,0.0,0.0,0.0,0.0,0.0,0.0,0.0,0.0,0.0,0.0,0.0,0.0,0.0,0.0,59.39468383354058,77.62960168355758,78.47775262677898,0.0,0.0,0.0,0.0,0.0,0.0,0.0,0.0,0.0,0.0
573,573,0.0,0.0,0.0,0.0,0.0,0.0,0.0,0.0,0.0,0.0,0.0,0.0,0.0,0.0,0.0,0.0,0.0,0.0,0.0,53.95140451306325,67.6755051573823,70.46698479046134,0.0,0.0,0.0,0.0,0.0,0.0,0.0,0.0,0.0,0.0
574,574,0.0,0.0,0.0,0.0,0.0,0.0,0.0,0.0,0.0,0.0,0.0,0.0,0.0,0.0,0.0,0.0,0.0,0.0,0.0,63.567284138971104,77.11484465654527,66.13924636779296,0.0,0.0,0.0,0.0,0.0,0.0,0.0,0.0,0.0,0.0
575,575,0.0,0.0,0.0,0.0,0.0,0.0,0.0,0.0,0.0,0.0,0.0,0.0,0.0,0.0,0.0,0.0,0.0,0.0,0.0,60.2779473163792,66.91614189544588,60.489980904116194,0.0,0.0,0.0,0.0,0.0,0.0,0.0,0.0,0.0,0.0
576,576,0.0,0.0,0.0,0.0,0.0,0.0,0.0,0.0,0.0,0.0,0.0,0.0,0.0,0.0,0.0,0.0,0.0,0.0,0.0,54.363347704845765,73.66688988286803,74.40009200190026,0.0,0.0,0.0,0.0,0.0,0.0,0.0,0.0,0.0,0.0
577,577,0.0,0.0,0.0,0.0,0.0,0.0,0.0,0.0,0.0,0.0,0.0,0.0,0.0,0.0,0.0,0.0,0.0,0.0,0.0,42.87188026218171,72.08546697267934,67.92848951534775,0.0,0.0,0.0,0.0,0.0,0.0,0.0,0.0,0.0,0.0
578,578,0.0,0.0,0.0,0.0,0.0,0.0,0.0,0.0,0.0,0.0,0.0,0.0,0.0,0.0,0.0,0.0,0.0,0.0,0.0,57.41382651551796,85.06614568343461,75.49626498112411,0.0,0.0,0.0,0.0,0.0,0.0,0.0,0.0,0.0,0.0
579,579,0.0,0.0,0.0,0.0,0.0,0.0,0.0,0.0,0.0,0.0,0.0,0.0,0.0,0.0,0.0,0.0,0.0,0.0,0.0,73.85509244817318,80.92828387229225,89.52064403827531,0.0,0.0,0.0,0.0,0.0,0.0,0.0,0.0,0.0,0.0
580,580,0.0,0.0,0.0,0.0,0.0,0.0,0.0,0.0,0.0,0.0,0.0,0.0,0.0,0.0,0.0,0.0,0.0,0.0,0.0,43.175318618588975,95.68644014847752,67.22231684877332,0.0,0.0,0.0,0.0,0.0,0.0,0.0,0.0,0.0,0.0
581,581,0.0,0.0,0.0,0.0,0.0,0.0,0.0,0.0,0.0,0.0,0.0,0.0,0.0,0.0,0.0,0.0,0.0,0.0,0.0,49.45797848632901,90.43310974869503,68.13739165885876,0.0,0.0,0.0,0.0,0.0,0.0,0.0,0.0,0.0,0.0
582,582,0.0,0.0,0.0,0.0,0.0,0.0,0.0,0.0,0.0,0.0,0.0,0.0,0.0,0.0,0.0,0.0,0.0,0.0,0.0,63.34066092272673,76.65286579683669,76.41534979983464,0.0,0.0,0.0,0.0,0.0,0.0,0.0,0.0,0.0,0.0
583,583,0.0,0.0,0.0,0.0,0.0,0.0,0.0,0.0,0.0,0.0,0.0,0.0,0.0,0.0,0.0,0.0,0.0,0.0,0.0,54.06738368444212,75.25548896139713,83.17222173694246,0.0,0.0,0.0,0.0,0.0,0.0,0.0,0.0,0.0,0.0
584,584,0.0,0.0,0.0,0.0,0.0,0.0,0.0,0.0,0.0,0.0,0.0,0.0,0.0,0.0,0.0,0.0,0.0,0.0,0.0,56.522810204473615,61.56319649879951,71.09991096863891,0.0,0.0,0.0,0.0,0.0,0.0,0.0,0.0,0.0,0.0
585,585,0.0,0.0,0.0,0.0,0.0,0.0,0.0,0.0,0.0,0.0,0.0,0.0,0.0,0.0,0.0,0.0,0.0,0.0,0.0,62.34481054259419,78.42234663941397,85.78365728411025,0.0,0.0,0.0,0.0,0.0,0.0,0.0,0.0,0.0,0.0
586,586,0.0,0.0,0.0,0.0,0.0,0.0,0.0,0.0,0.0,0.0,0.0,0.0,0.0,0.0,0.0,0.0,0.0,0.0,0.0,66.6847244097643,77.97328566115908,85.77391937463837,0.0,0.0,0.0,0.0,0.0,0.0,0.0,0.0,0.0,0.0
587,587,0.0,0.0,0.0,0.0,0.0,0.0,0.0,0.0,0.0,0.0,0.0,0.0,0.0,0.0,0.0,0.0,0.0,0.0,0.0,50.809007162152,96.61776970516593,73.72580657187586,0.0,0.0,0.0,0.0,0.0,0.0,0.0,0.0,0.0,0.0
588,588,0.0,0.0,0.0,0.0,0.0,0.0,0.0,0.0,0.0,0.0,0.0,0.0,0.0,0.0,0.0,0.0,0.0,0.0,0.0,44.62868535028958,81.88146698250232,77.09019874111112,0.0,0.0,0.0,0.0,0.0,0.0,0.0,0.0,0.0,0.0
589,589,0.0,0.0,0.0,0.0,0.0,0.0,0.0,0.0,0.0,0.0,0.0,0.0,0.0,0.0,0.0,0.0,0.0,0.0,0.0,70.63995039913723,85.19383927484164,77.83098526690583,0.0,0.0,0.0,0.0,0.0,0.0,0.0,0.0,0.0,0.0
590,590,0.0,0.0,0.0,0.0,0.0,0.0,0.0,0.0,0.0,0.0,0.0,0.0,0.0,0.0,0.0,0.0,0.0,0.0,0.0,41.508306058369584,96.61295188857562,73.71054197822758,0.0,0.0,0.0,0.0,0.0,0.0,0.0,0.0,0.0,0.0
591,591,0.0,0.0,0.0,0.0,0.0,0.0,0.0,0.0,0.0,0.0,0.0,0.0,0.0,0.0,0.0,0.0,0.0,0.0,0.0,43.35851938883409,80.67850638398559,76.75736089459913,0.0,0.0,0.0,0.0,0.0,0.0,0.0,0.0,0.0,0.0
592,592,0.0,0.0,0.0,0.0,0.0,0.0,0.0,0.0,0.0,0.0,0.0,0.0,0.0,0.0,0.0,0.0,0.0,0.0,0.0,0.0,79.45412637808052,63.94565101885208,0.0,0.0,0.0,0.0,0.0,0.0,0.0,0.0,0.0,0.0
593,593,0.0,0.0,0.0,0.0,0.0,0.0,0.0,0.0,0.0,0.0,0.0,0.0,0.0,0.0,0.0,0.0,0.0,0.0,0.0,0.0,79.65273944661357,82.2115881518488,0.0,0.0,0.0,0.0,0.0,0.0,0.0,0.0,0.0,0.0
594,594,0.0,0.0,0.0,0.0,0.0,0.0,0.0,0.0,0.0,0.0,0.0,0.0,0.0,0.0,0.0,0.0,0.0,0.0,0.0,0.0,91.35433416952503,82.19823806138376,0.0,0.0,0.0,0.0,0.0,0.0,0.0,0.0,0.0,0.0
595,595,0.0,0.0,0.0,0.0,0.0,0.0,0.0,0.0,0.0,0.0,0.0,0.0,0.0,0.0,0.0,0.0,0.0,0.0,0.0,0.0,74.76446616323392,83.99663650350097,0.0,0.0,0.0,0.0,0.0,0.0,0.0,0.0,0.0,0.0
596,596,0.0,0.0,0.0,0.0,0.0,0.0,0.0,0.0,0.0,0.0,0.0,0.0,0.0,0.0,0.0,0.0,0.0,0.0,0.0,0.0,91.38822440641299,80.99453012661513,0.0,0.0,0.0,0.0,0.0,0.0,0.0,0.0,0.0,0.0
597,597,0.0,0.0,0.0,0.0,0.0,0.0,0.0,0.0,0.0,0.0,0.0,0.0,0.0,0.0,0.0,0.0,0.0,0.0,0.0,0.0,81.88217651152995,79.26576591834805,0.0,0.0,0.0,0.0,0.0,0.0,0.0,0.0,0.0,0.0
598,598,0.0,0.0,0.0,0.0,0.0,0.0,0.0,0.0,0.0,0.0,0.0,0.0,0.0,0.0,0.0,0.0,0.0,0.0,0.0,0.0,90.68063263485647,81.37375182725259,0.0,0.0,0.0,0.0,0.0,0.0,0.0,0.0,0.0,0.0
599,599,0.0,0.0,0.0,0.0,0.0,0.0,0.0,0.0,0.0,0.0,0.0,0.0,0.0,0.0,0.0,0.0,0.0,0.0,0.0,0.0,82.97658180497324,89.0804623195662,0.0,0.0,0.0,0.0,0.0,0.0,0.0,0.0,0.0,0.0
600,600,0.0,0.0,0.0,0.0,0.0,0.0,0.0,0.0,0.0,0.0,0.0,0.0,0.0,0.0,0.0,0.0,0.0,0.0,0.0,0.0,81.67074403145261,75.24497200051698,59.76210727595331,0.0,0.0,0.0,0.0,0.0,0.0,0.0,0.0,0.0
601,601,0.0,0.0,0.0,0.0,0.0,0.0,0.0,0.0,0.0,0.0,0.0,0.0,0.0,0.0,0.0,0.0,0.0,0.0,0.0,0.0,76.07472381122807,63.00344572361897,49.34976415520879,0.0,0.0,0.0,0.0,0.0,0.0,0.0,0.0,0.0
602,602,0.0,0.0,0.0,0.0,0.0,0.0,0.0,0.0,0.0,0.0,0.0,0.0,0.0,0.0,0.0,0.0,0.0,0.0,0.0,0.0,85.33585453471358,74.32840400481248,52.73783011277513,0.0,0.0,0.0,0.0,0.0,0.0,0.0,0.0,0.0
603,603,0.0,0.0,0.0,0.0,0.0,0.0,0.0,0.0,0.0,0.0,0.0,0.0,0.0,0.0,0.0,0.0,0.0,0.0,0.0,0.0,81.66762726067286,81.65910878978761,45.88248814219143,0.0,0.0,0.0,0.0,0.0,0.0,0.0,0.0,0.0
604,604,0.0,0.0,0.0,0.0,0.0,0.0,0.0,0.0,0.0,0.0,0.0,0.0,0.0,0.0,0.0,0.0,0.0,0.0,0.0,0.0,77.20967081637359,72.88833513853046,43.659577496901235,0.0,0.0,0.0,0.0,0.0,0.0,0.0,0.0,0.0
605,605,0.0,0.0,0.0,0.0,0.0,0.0,0.0,0.0,0.0,0.0,0.0,0.0,0.0,0.0,0.0,0.0,0.0,0.0,0.0,0.0,76.79331460602515,72.26163859603284,52.73283556910575,0.0,0.0,0.0,0.0,0.0,0.0,0.0,0.0,0.0
606,606,0.0,0.0,0.0,0.0,0.0,0.0,0.0,0.0,0.0,0.0,0.0,0.0,0.0,0.0,0.0,0.0,0.0,0.0,0.0,0.0,96.14968825437053,73.35122024406735,53.88907030517656,0.0,0.0,0.0,0.0,0.0,0.0,0.0,0.0,0.0
607,607,0.0,0.0,0.0,0.0,0.0,0.0,0.0,0.0,0.0,0.0,0.0,0.0,0.0,0.0,0.0,0.0,0.0,0.0,0.0,0.0,59.76616245450835,78.66392595940678,53.896109187924765,0.0,0.0,0.0,0.0,0.0,0.0,0.0,0.0,0.0
608,608,0.0,0.0,0.0,0.0,0.0,0.0,0.0,0.0,0.0,0.0,0.0,0.0,0.0,0.0,0.0,0.0,0.0,0.0,0.0,0.0,66.17157189912731,82.39443980366732,54.51376213378501,0.0,0.0,0.0,0.0,0.0,0.0,0.0,0.0,0.0
609,609,0.0,0.0,0.0,0.0,0.0,0.0,0.0,0.0,0.0,0.0,0.0,0.0,0.0,0.0,0.0,0.0,0.0,0.0,0.0,0.0,73.26504472764675,74.23382213166042,72.58029844373868,0.0,0.0,0.0,0.0,0.0,0.0,0.0,0.0,0.0
610,610,0.0,0.0,0.0,0.0,0.0,0.0,0.0,0.0,0.0,0.0,0.0,0.0,0.0,0.0,0.0,0.0,0.0,0.0,0.0,0.0,68.12351073868447,82.57590060139532,47.42005385180141,0.0,0.0,0.0,0.0,0.0,0.0,0.0,0.0,0.0
611,611,0.0,0.0,0.0,0.0,0.0,0.0,0.0,0.0,0.0,0.0,0.0,0.0,0.0,0.0,0.0,0.0,0.0,0.0,0.0,0.0,72.8454039319669,77.38054855518291,59.393121476710974,0.0,0.0,0.0,0.0,0.0,0.0,0.0,0.0,0.0
612,612,0.0,0.0,0.0,0.0,0.0,0.0,0.0,0.0,0.0,0.0,0.0,0.0,0.0,0.0,0.0,0.0,0.0,0.0,0.0,0.0,80.719147009443,90.97782480637147,49.839849833307476,0.0,0.0,0.0,0.0,0.0,0.0,0.0,0.0,0.0
613,613,0.0,0.0,0.0,0.0,0.0,0.0,0.0,0.0,0.0,0.0,0.0,0.0,0.0,0.0,0.0,0.0,0.0,0.0,0.0,0.0,83.45346627751348,73.29410376570554,67.73698894462773,0.0,0.0,0.0,0.0,0.0,0.0,0.0,0.0,0.0
614,614,0.0,0.0,0.0,0.0,0.0,0.0,0.0,0.0,0.0,0.0,0.0,0.0,0.0,0.0,0.0,0.0,0.0,0.0,0.0,0.0,75.6064213830101,79.35306284496302,44.56722955778632,0.0,0.0,0.0,0.0,0.0,0.0,0.0,0.0,0.0
615,615,0.0,0.0,0.0,0.0,0.0,0.0,0.0,0.0,0.0,0.0,0.0,0.0,0.0,0.0,0.0,0.0,0.0,0.0,0.0,0.0,72.77913525637074,75.00550444414029,51.614446005230086,0.0,0.0,0.0,0.0,0.0,0.0,0.0,0.0,0.0
616,616,0.0,0.0,0.0,0.0,0.0,0.0,0.0,0.0,0.0,0.0,0.0,0.0,0.0,0.0,0.0,0.0,0.0,0.0,0.0,0.0,74.49043883571302,77.35344029965002,62.200305512027825,0.0,0.0,0.0,0.0,0.0,0.0,0.0,0.0,0.0
617,617,0.0,0.0,0.0,0.0,0.0,0.0,0.0,0.0,0.0,0.0,0.0,0.0,0.0,0.0,0.0,0.0,0.0,0.0,0.0,0.0,67.87864749562762,76.69681815226559,62.410141186517656,0.0,0.0,0.0,0.0,0.0,0.0,0.0,0.0,0.0
618,618,0.0,0.0,0.0,0.0,0.0,0.0,0.0,0.0,0.0,0.0,0.0,0.0,0.0,0.0,0.0,0.0,0.0,0.0,0.0,0.0,68.12852034259308,85.13538049758941,48.951574916457375,0.0,0.0,0.0,0.0,0.0,0.0,0.0,0.0,0.0
619,619,0.0,0.0,0.0,0.0,0.0,0.0,0.0,0.0,0.0,0.0,0.0,0.0,0.0,0.0,0.0,0.0,0.0,0.0,0.0,0.0,74.39520600207537,66.42535154611889,52.95980939660414,0.0,0.0,0.0,0.0,0.0,0.0,0.0,0.0,0.0
620,620,0.0,0.0,0.0,0.0,0.0,0.0,0.0,0.0,0.0,0.0,0.0,0.0,0.0,0.0,0.0,0.0,0.0,0.0,0.0,0.0,75.14774290230908,61.49315462979405,48.53327811747616,0.0,0.0,0.0,0.0,0.0,0.0,0.0,0.0,0.0
621,621,0.0,0.0,0.0,0.0,0.0,0.0,0.0,0.0,0.0,0.0,0.0,0.0,0.0,0.0,0.0,0.0,0.0,0.0,0.0,0.0,65.25621618031286,75.61348220832727,56.98940544120731,0.0,0.0,0.0,0.0,0.0,0.0,0.0,0.0,0.0
622,622,0.0,0.0,0.0,0.0,0.0,0.0,0.0,0.0,0.0,0.0,0.0,0.0,0.0,0.0,0.0,0.0,0.0,0.0,0.0,0.0,78.10714191956903,83.61946152257903,46.032085977869215,0.0,0.0,0.0,0.0,0.0,0.0,0.0,0.0,0.0
623,623,0.0,0.0,0.0,0.0,0.0,0.0,0.0,0.0,0.0,0.0,0.0,0.0,0.0,0.0,0.0,0.0,0.0,0.0,0.0,0.0,76.88926162896337,69.85548537394718,51.91948146196826,47.51602255147105,42.69961163679092,0.0,0.0,0.0,0.0,0.0,0.0,0.0
624,624,0.0,0.0,0.0,0.0,0.0,0.0,0.0,0.0,0.0,0.0,0.0,0.0,0.0,0.0,0.0,0.0,0.0,0.0,0.0,0.0,77.33432043401383,80.88262748636662,52.113608177062744,67.64842230159842,59.13334140431394,0.0,0.0,0.0,0.0,0.0,0.0,0.0
625,625,0.0,0.0,0.0,0.0,0.0,0.0,0.0,0.0,0.0,0.0,0.0,0.0,0.0,0.0,0.0,0.0,0.0,0.0,0.0,0.0,58.72895021943969,71.63020251811656,50.38894950301529,63.0914983015513,57.325106881510294,0.0,0.0,0.0,0.0,0.0,0.0,0.0
626,626,0.0,0.0,0.0,0.0,0.0,0.0,0.0,0.0,0.0,0.0,0.0,0.0,0.0,0.0,0.0,0.0,0.0,0.0,0.0,0.0,66.10357886379053,81.134395255382,61.14738231535973,50.99007990713672,46.94912944216049,0.0,0.0,0.0,0.0,0.0,0.0,0.0
627,627,0.0,0.0,0.0,0.0,0.0,0.0,0.0,0.0,0.0,0.0,0.0,0.0,0.0,0.0,0.0,0.0,0.0,0.0,0.0,0.0,71.98641570261132,77.42101370081856,63.035251591849686,41.90652750127851,61.477264104299095,0.0,0.0,0.0,0.0,0.0,0.0,0.0
628,628,0.0,0.0,0.0,0.0,0.0,0.0,0.0,0.0,0.0,0.0,0.0,0.0,0.0,0.0,0.0,0.0,0.0,0.0,0.0,0.0,48.23857998653662,68.77897885590569,67.49705011926349,42.927221298518916,53.94302408624177,0.0,0.0,0.0,0.0,0.0,0.0,0.0
629,629,0.0,0.0,0.0,0.0,0.0,0.0,0.0,0.0,0.0,0.0,0.0,0.0,0.0,0.0,0.0,0.0,0.0,0.0,0.0,0.0,74.55059940696542,88.30519931343163,49.70835080627012,49.10161298919907,47.82090056644676,0.0,0.0,0.0,0.0,0.0,0.0,0.0
630,630,0.0,0.0,0.0,0.0,0.0,0.0,0.0,0.0,0.0,0.0,0.0,0.0,0.0,0.0,0.0,0.0,0.0,0.0,0.0,0.0,76.80171573707415,84.45730826475818,54.491542382811424,55.667915796466424,64.75091620968075,0.0,0.0,0.0,0.0,0.0,0.0,0.0
631,631,0.0,0.0,0.0,0.0,0.0,0.0,0.0,0.0,0.0,0.0,0.0,0.0,0.0,0.0,0.0,0.0,0.0,0.0,0.0,0.0,66.39753321416335,68.09665103986299,72.32106397067616,72.3002660274294,52.22374194071459,0.0,0.0,0.0,0.0,0.0,0.0,0.0
632,632,0.0,0.0,0.0,0.0,0.0,0.0,0.0,0.0,0.0,0.0,0.0,0.0,0.0,0.0,0.0,0.0,0.0,0.0,0.0,0.0,82.09935799468295,72.73153766528661,67.60764907833703,53.86112141124369,63.410026836032316,0.0,0.0,0.0,0.0,0.0,0.0,0.0
633,633,0.0,0.0,0.0,0.0,0.0,0.0,0.0,0.0,0.0,0.0,0.0,0.0,0.0,0.0,0.0,0.0,0.0,0.0,0.0,0.0,64.04384074178527,64.71114076098466,83.05350291954035,51.399564662867064,54.280921975613694,0.0,0.0,0.0,0.0,0.0,0.0,0.0
634,634,0.0,0.0,0.0,0.0,0.0,0.0,0.0,0.0,0.0,0.0,0.0,0.0,0.0,0.0,0.0,0.0,0.0,0.0,0.0,0.0,67.76576522041815,72.60768650178653,61.74546970004078,47.68715592303557,55.31397649587531,0.0,0.0,0.0,0.0,0.0,0.0,0.0
635,635,0.0,0.0,0.0,0.0,0.0,0.0,0.0,0.0,0.0,0.0,0.0,0.0,0.0,0.0,0.0,0.0,0.0,0.0,0.0,0.0,76.06706570486601,84.010884707777,59.051208072562304,58.97283916351845,52.98585838917897,0.0,0.0,0.0,0.0,0.0,0.0,0.0
636,636,0.0,0.0,0.0,0.0,0.0,0.0,0.0,0.0,0.0,0.0,0.0,0.0,0.0,0.0,0.0,0.0,0.0,0.0,0.0,0.0,70.57692167223007,65.79535788320109,58.41869595003007,57.70229143797947,41.12737245761013,0.0,0.0,0.0,0.0,0.0,0.0,0.0
637,637,0.0,0.0,0.0,0.0,0.0,0.0,0.0,0.0,0.0,0.0,0.0,0.0,0.0,0.0,0.0,0.0,0.0,0.0,0.0,0.0,72.79260131034914,68.5328371279856,56.1762377111211,44.76588414266444,48.77598745765742,0.0,0.0,0.0,0.0,0.0,0.0,0.0
638,638,0.0,0.0,0.0,0.0,0.0,0.0,0.0,0.0,0.0,0.0,0.0,0.0,0.0,0.0,0.0,0.0,0.0,0.0,0.0,0.0,58.189022071021995,69.51189358941534,61.66661543730231,62.873622713249475,58.85071061813974,0.0,0.0,0.0,0.0,0.0,0.0,0.0
639,639,0.0,0.0,0.0,0.0,0.0,0.0,0.0,0.0,0.0,0.0,0.0,0.0,0.0,0.0,0.0,0.0,0.0,0.0,0.0,0.0,68.0662465841225,70.71910867956765,56.33887821929901,48.0024199221289,59.05481908547378,0.0,0.0,0.0,0.0,0.0,0.0,0.0
640,640,0.0,0.0,0.0,0.0,0.0,0.0,0.0,0.0,0.0,0.0,0.0,0.0,0.0,0.0,0.0,0.0,0.0,0.0,0.0,0.0,66.37430171330965,81.34445671395781,57.17608933719215,58.24184993052166,49.295588660930946,0.0,0.0,0.0,0.0,0.0,0.0,0.0
641,641,0.0,0.0,0.0,0.0,0.0,0.0,0.0,0.0,0.0,0.0,0.0,0.0,0.0,0.0,0.0,0.0,0.0,0.0,0.0,0.0,58.743163647580154,63.11029331884047,61.42624576721221,55.74673235575841,61.32335099353455,0.0,0.0,0.0,0.0,0.0,0.0,0.0
642,642,0.0,0.0,0.0,0.0,0.0,0.0,0.0,0.0,0.0,0.0,0.0,0.0,0.0,0.0,0.0,0.0,0.0,0.0,0.0,0.0,65.82911559419065,68.5852409966235,60.92670578026628,70.5175566296485,63.2575479079873,0.0,0.0,0.0,0.0,0.0,0.0,0.0
643,643,0.0,0.0,0.0,0.0,0.0,0.0,0.0,0.0,0.0,0.0,0.0,0.0,0.0,0.0,0.0,0.0,0.0,0.0,0.0,0.0,65.57580505955877,81.57998648872515,50.962590409254574,82.41410420048743,53.54974626800235,0.0,0.0,0.0,0.0,0.0,0.0,0.0
644,644,0.0,0.0,0.0,0.0,0.0,0.0,0.0,0.0,0.0,0.0,0.0,0.0,0.0,0.0,0.0,0.0,0.0,0.0,0.0,0.0,63.46530707317221,66.81243313486496,71.29937481900868,73.80499401607487,65.45698417507447,0.0,0.0,0.0,0.0,0.0,0.0,0.0
645,645,0.0,0.0,0.0,0.0,0.0,0.0,0.0,0.0,0.0,0.0,0.0,0.0,0.0,0.0,0.0,0.0,0.0,0.0,0.0,0.0,70.66732283220443,64.97807634947921,44.01839246642777,62.11561604044377,67.12704700832462,0.0,0.0,0.0,0.0,0.0,0.0,0.0
646,646,0.0,0.0,0.0,0.0,0.0,0.0,0.0,0.0,0.0,0.0,0.0,0.0,0.0,0.0,0.0,0.0,0.0,0.0,0.0,0.0,69.85872176704197,80.77405206572253,68.86623155377593,64.45129098322278,64.0573942685318,0.0,0.0,0.0,0.0,0.0,0.0,0.0
647,647,0.0,0.0,0.0,0.0,0.0,0.0,0.0,0.0,0.0,0.0,0.0,0.0,0.0,0.0,0.0,0.0,0.0,0.0,0.0,0.0,67.98659382990155,92.77874750265283,64.98133849363994,59.44531963946812,67.28471034335442,0.0,0.0,0.0,0.0,0.0,0.0,0.0
648,648,0.0,0.0,0.0,0.0,0.0,0.0,0.0,0.0,0.0,0.0,0.0,0.0,0.0,0.0,0.0,0.0,0.0,0.0,0.0,0.0,64.66051717952904,69.1427420000776,74.28905594473183,60.487435942424526,64.13368057981353,0.0,0.0,0.0,0.0,0.0,0.0,0.0
649,649,0.0,0.0,0.0,0.0,0.0,0.0,0.0,0.0,0.0,0.0,0.0,0.0,0.0,0.0,0.0,0.0,0.0,0.0,0.0,0.0,67.83119499366236,54.606027775589276,57.4483837978537,71.82815367414915,66.35330489681694,0.0,0.0,0.0,0.0,0.0,0.0,0.0
650,650,0.0,0.0,0.0,0.0,0.0,0.0,0.0,0.0,0.0,0.0,0.0,0.0,0.0,0.0,0.0,0.0,0.0,0.0,0.0,0.0,63.48230520654365,66.84814072072771,65.63394458550691,83.1916454840224,48.33347490577231,0.0,0.0,0.0,0.0,0.0,0.0,0.0
651,651,0.0,0.0,0.0,0.0,0.0,0.0,0.0,0.0,0.0,0.0,0.0,0.0,0.0,0.0,0.0,0.0,0.0,0.0,0.0,0.0,60.8219771138599,84.30103910445361,58.368979090160884,70.24432452514209,56.84265117754701,0.0,0.0,0.0,0.0,0.0,0.0,0.0
652,652,0.0,0.0,0.0,0.0,0.0,0.0,0.0,0.0,0.0,0.0,0.0,0.0,0.0,0.0,0.0,0.0,0.0,0.0,0.0,0.0,57.956251219019535,66.8353142287501,70.68018829014329,62.873186175547175,40.18964445149935,0.0,0.0,0.0,0.0,0.0,0.0,0.0
653,653,0.0,0.0,0.0,0.0,0.0,0.0,0.0,0.0,0.0,0.0,0.0,0.0,0.0,0.0,0.0,0.0,0.0,0.0,0.0,0.0,52.13397282176743,61.36241873267448,72.93557853074532,70.70192965118108,51.48610983448957,0.0,0.0,0.0,0.0,0.0,0.0,0.0
654,654,0.0,0.0,0.0,0.0,0.0,0.0,0.0,0.0,0.0,0.0,0.0,0.0,0.0,0.0,0.0,0.0,0.0,0.0,0.0,0.0,56.697154763640185,61.19979235897834,57.00451132697891,71.6152541559909,54.745896444516276,0.0,0.0,0.0,0.0,0.0,0.0,0.0
655,655,0.0,0.0,0.0,0.0,0.0,0.0,0.0,0.0,0.0,0.0,0.0,0.0,0.0,0.0,0.0,0.0,0.0,0.0,0.0,0.0,59.84110960875699,67.45170110528261,48.91580809531521,54.38193254687975,65.52171508426134,0.0,0.0,0.0,0.0,0.0,0.0,0.0
656,656,0.0,0.0,0.0,0.0,0.0,0.0,0.0,0.0,0.0,0.0,0.0,0.0,0.0,0.0,0.0,0.0,0.0,0.0,0.0,0.0,47.087933742888694,67.2340940487636,56.43844814654021,60.88581372336573,55.462524149893966,0.0,0.0,0.0,0.0,0.0,0.0,0.0
657,657,0.0,0.0,0.0,0.0,0.0,0.0,0.0,0.0,0.0,0.0,0.0,0.0,0.0,0.0,0.0,0.0,0.0,0.0,0.0,0.0,47.41499648359897,39.244588770762796,70.6184197227982,61.48976193009783,71.69842407123946,0.0,0.0,0.0,0.0,0.0,0.0,0.0
658,658,0.0,0.0,0.0,0.0,0.0,0.0,0.0,0.0,0.0,0.0,0.0,0.0,0.0,0.0,0.0,0.0,0.0,0.0,0.0,0.0,49.68561187469865,63.00022225065612,67.16870800893741,44.88052561955561,62.17052333700674,0.0,0.0,0.0,0.0,0.0,0.0,0.0
659,659,0.0,0.0,0.0,0.0,0.0,0.0,0.0,0.0,0.0,0.0,0.0,0.0,0.0,0.0,0.0,0.0,0.0,0.0,0.0,0.0,42.31221150417991,65.13609453116055,56.04782641437774,64.40492012031643,56.061489877633065,0.0,0.0,0.0,0.0,0.0,0.0,0.0
660,660,0.0,0.0,0.0,0.0,0.0,0.0,0.0,0.0,0.0,0.0,0.0,0.0,0.0,0.0,0.0,0.0,0.0,0.0,0.0,0.0,56.959997897990576,73.95175341768565,48.530668501454265,57.547951028019824,65.45776326387318,0.0,0.0,0.0,0.0,0.0,0.0,0.0
661,661,0.0,0.0,0.0,0.0,0.0,0.0,0.0,0.0,0.0,0.0,0.0,0.0,0.0,0.0,0.0,0.0,0.0,0.0,0.0,0.0,44.86551722679285,58.693941873953875,74.71333105672105,71.60475776707264,72.77847365343196,0.0,0.0,0.0,0.0,0.0,0.0,0.0
662,662,0.0,0.0,0.0,0.0,0.0,0.0,0.0,0.0,0.0,0.0,0.0,0.0,0.0,0.0,0.0,0.0,0.0,0.0,0.0,0.0,64.46187938418285,64.1973899652095,62.47401243319341,70.5945980583794,52.43878303370154,0.0,0.0,0.0,0.0,0.0,0.0,0.0
663,663,0.0,0.0,0.0,0.0,0.0,0.0,0.0,0.0,0.0,0.0,0.0,0.0,0.0,0.0,0.0,0.0,0.0,0.0,0.0,0.0,46.28277072464718,66.8694367184744,58.88384298396403,77.1011950662043,69.02572191202206,0.0,0.0,0.0,0.0,0.0,0.0,0.0
664,664,0.0,0.0,0.0,0.0,0.0,0.0,0.0,0.0,0.0,0.0,0.0,0.0,0.0,0.0,0.0,0.0,0.0,0.0,0.0,0.0,40.71180938312439,57.93841964355424,65.07110920086264,73.36459986057831,68.85454432260411,0.0,0.0,0.0,0.0,0.0,0.0,0.0
665,665,0.0,0.0,0.0,0.0,0.0,0.0,0.0,0.0,0.0,0.0,0.0,0.0,0.0,0.0,0.0,0.0,0.0,0.0,0.0,0.0,0.0,61.0083600992412,66.39543631225035,59.806651759084545,67.47726079447452,0.0,0.0,0.0,0.0,0.0,0.0,0.0
666,666,0.0,0.0,0.0,0.0,0.0,0.0,0.0,0.0,0.0,0.0,0.0,0.0,0.0,0.0,0.0,0.0,0.0,0.0,0.0,0.0,0.0,65.31730909503166,52.57783200557306,90.85812948880846,50.27845039534361,0.0,0.0,0.0,0.0,0.0,0.0,0.0
667,667,0.0,0.0,0.0,0.0,0.0,0.0,0.0,0.0,0.0,0.0,0.0,0.0,0.0,0.0,0.0,0.0,0.0,0.0,0.0,0.0,0.0,60.05364860838313,78.0188359750699,71.50489318436375,43.711349236074994,0.0,0.0,0.0,0.0,0.0,0.0,0.0
668,668,0.0,0.0,0.0,0.0,0.0,0.0,0.0,0.0,0.0,0.0,0.0,0.0,0.0,0.0,0.0,0.0,0.0,0.0,0.0,0.0,0.0,68.65351546629346,49.658178678081505,82.03095684123883,76.84803290764727,0.0,0.0,0.0,0.0,0.0,0.0,0.0
669,669,0.0,0.0,0.0,0.0,0.0,0.0,0.0,0.0,0.0,0.0,0.0,0.0,0.0,0.0,0.0,0.0,0.0,0.0,0.0,0.0,0.0,57.234412508368486,54.47617055917226,77.89643544954679,65.00285688715103,0.0,0.0,0.0,0.0,0.0,0.0,0.0
670,670,0.0,0.0,0.0,0.0,0.0,0.0,0.0,0.0,0.0,0.0,0.0,0.0,0.0,0.0,0.0,0.0,0.0,0.0,0.0,0.0,0.0,64.31987680132237,75.21430565904113,75.24936228790354,64.55516980327417,0.0,0.0,0.0,0.0,0.0,0.0,0.0
671,671,0.0,0.0,0.0,0.0,0.0,0.0,0.0,0.0,0.0,0.0,0.0,0.0,0.0,0.0,0.0,0.0,0.0,0.0,0.0,0.0,0.0,72.50527299833628,59.6001393757074,92.87362930644625,62.47881278168916,54.073565346867184,0.0,0.0,0.0,0.0,0.0,0.0
672,672,0.0,0.0,0.0,0.0,0.0,0.0,0.0,0.0,0.0,0.0,0.0,0.0,0.0,0.0,0.0,0.0,0.0,0.0,0.0,0.0,0.0,66.40615109675878,69.2436665454133,68.44953026571713,63.56032811601375,50.38132335581692,0.0,0.0,0.0,0.0,0.0,0.0
673,673,0.0,0.0,0.0,0.0,0.0,0.0,0.0,0.0,0.0,0.0,0.0,0.0,0.0,0.0,0.0,0.0,0.0,0.0,0.0,0.0,0.0,61.45701523821346,63.17370613545347,68.52033121079091,57.42917950824774,52.710840684209906,0.0,0.0,0.0,0.0,0.0,0.0
674,674,0.0,0.0,0.0,0.0,0.0,0.0,0.0,0.0,0.0,0.0,0.0,0.0,0.0,0.0,0.0,0.0,0.0,0.0,0.0,0.0,0.0,68.8506394851893,69.08449555266898,65.95450507046807,63.973275631292495,57.49717407569445,0.0,0.0,0.0,0.0,0.0,0.0
675,675,0.0,0.0,0.0,0.0,0.0,0.0,0.0,0.0,0.0,0.0,0.0,0.0,0.0,0.0,0.0,0.0,0.0,0.0,0.0,0.0,0.0,57.60899273657014,69.6903670048553,59.43517101874445,58.63456622824902,62.3029487802496,0.0,0.0,0.0,0.0,0.0,0.0
676,676,0.0,0.0,0.0,0.0,0.0,0.0,0.0,0.0,0.0,0.0,0.0,0.0,0.0,0.0,0.0,0.0,0.0,0.0,0.0,0.0,0.0,60.823287217244854,63.0584950772628,60.88835440671872,53.39895973521869,61.67755037772807,0.0,0.0,0.0,0.0,0.0,0.0
677,677,0.0,0.0,0.0,0.0,0.0,0.0,0.0,0.0,0.0,0.0,0.0,0.0,0.0,0.0,0.0,0.0,0.0,0.0,0.0,0.0,0.0,59.572832137585934,56.483897543556516,84.61484189640004,61.54052532483225,52.353192455176966,0.0,0.0,0.0,0.0,0.0,0.0
678,678,0.0,0.0,0.0,0.0,0.0,0.0,0.0,0.0,0.0,0.0,0.0,0.0,0.0,0.0,0.0,0.0,0.0,0.0,0.0,0.0,0.0,56.545922833263134,68.29280465346598,79.80687954622778,70.2352335779358,48.4094259936829,0.0,0.0,0.0,0.0,0.0,0.0
679,679,0.0,0.0,0.0,0.0,0.0,0.0,0.0,0.0,0.0,0.0,0.0,0.0,0.0,0.0,0.0,0.0,0.0,0.0,0.0,0.0,0.0,66.59092951643929,53.08338956200434,79.57346866582623,70.34717559932886,46.12978869035978,0.0,0.0,0.0,0.0,0.0,0.0
680,680,0.0,0.0,0.0,0.0,0.0,0.0,0.0,0.0,0.0,0.0,0.0,0.0,0.0,0.0,0.0,0.0,0.0,0.0,0.0,0.0,0.0,55.98916331391301,66.76405817657464,76.95880836332239,63.69910333677128,47.67605546315287,0.0,0.0,0.0,0.0,0.0,0.0
681,681,0.0,0.0,0.0,0.0,0.0,0.0,0.0,0.0,0.0,0.0,0.0,0.0,0.0,0.0,0.0,0.0,0.0,0.0,0.0,0.0,0.0,66.52062790113717,58.599784601688604,78.53680545031634,75.52928137651257,59.006298608852724,0.0,0.0,0.0,0.0,0.0,0.0
682,682,0.0,0.0,0.0,0.0,0.0,0.0,0.0,0.0,0.0,0.0,0.0,0.0,0.0,0.0,0.0,0.0,0.0,0.0,0.0,0.0,0.0,53.99381577449378,61.235308292515256,75.48437680852588,67.56240996931334,73.22104159388998,0.0,0.0,0.0,0.0,0.0,0.0
683,683,0.0,0.0,0.0,0.0,0.0,0.0,0.0,0.0,0.0,0.0,0.0,0.0,0.0,0.0,0.0,0.0,0.0,0.0,0.0,0.0,0.0,48.84324973714205,61.268654554652834,72.7384906081333,60.765443716569145,59.61178064157981,0.0,0.0,0.0,0.0,0.0,0.0
684,684,0.0,0.0,0.0,0.0,0.0,0.0,0.0,0.0,0.0,0.0,0.0,0.0,0.0,0.0,0.0,0.0,0.0,0.0,0.0,0.0,0.0,49.15364270953277,57.25379417783927,87.04117828971854,73.60555092806197,56.507053339807555,0.0,0.0,0.0,0.0,0.0,0.0
685,685,0.0,0.0,0.0,0.0,0.0,0.0,0.0,0.0,0.0,0.0,0.0,0.0,0.0,0.0,0.0,0.0,0.0,0.0,0.0,0.0,0.0,67.59052651548664,51.49207231445201,61.72889148847265,56.968861310476974,50.9560733070503,0.0,0.0,0.0,0.0,0.0,0.0
686,686,0.0,0.0,0.0,0.0,0.0,0.0,0.0,0.0,0.0,0.0,0.0,0.0,0.0,0.0,0.0,0.0,0.0,0.0,0.0,0.0,0.0,48.13950549101946,57.07050741596156,76.51849686928185,60.993553679085906,55.433613489366394,0.0,0.0,0.0,0.0,0.0,0.0
687,687,0.0,0.0,0.0,0.0,0.0,0.0,0.0,0.0,0.0,0.0,0.0,0.0,0.0,0.0,0.0,0.0,0.0,0.0,0.0,0.0,0.0,39.9002810697784,72.73141820282783,66.93464496210362,48.54767106725711,57.080912260603654,0.0,0.0,0.0,0.0,0.0,0.0
688,688,0.0,0.0,0.0,0.0,0.0,0.0,0.0,0.0,0.0,0.0,0.0,0.0,0.0,0.0,0.0,0.0,0.0,0.0,0.0,0.0,0.0,47.997550450804866,46.09749490526612,78.98532684660368,63.91949280278908,50.28450695915569,0.0,0.0,0.0,0.0,0.0,0.0
689,689,0.0,0.0,0.0,0.0,0.0,0.0,0.0,0.0,0.0,0.0,0.0,0.0,0.0,0.0,0.0,0.0,0.0,0.0,0.0,0.0,0.0,42.63387388704871,54.56535749326429,76.68740748504112,61.02034080478561,62.117408887923816,0.0,0.0,0.0,0.0,0.0,0.0
690,690,0.0,0.0,0.0,0.0,0.0,0.0,0.0,0.0,0.0,0.0,0.0,0.0,0.0,0.0,0.0,0.0,0.0,0.0,0.0,0.0,0.0,43.440909174876026,57.722457412031176,70.52264300883725,53.9840255977789,71.2448579831077,0.0,0.0,0.0,0.0,0.0,0.0
691,691,0.0,0.0,0.0,0.0,0.0,0.0,0.0,0.0,0.0,0.0,0.0,0.0,0.0,0.0,0.0,0.0,0.0,0.0,0.0,0.0,0.0,0.0,54.33246978958871,91.81409061996062,77.77066571072132,48.75356088082016,0.0,0.0,0.0,0.0,0.0,0.0
692,692,0.0,0.0,0.0,0.0,0.0,0.0,0.0,0.0,0.0,0.0,0.0,0.0,0.0,0.0,0.0,0.0,0.0,0.0,0.0,0.0,0.0,0.0,63.42971547041152,81.05158477726313,70.02891252800293,63.472680570451004,0.0,0.0,0.0,0.0,0.0,0.0
693,693,0.0,0.0,0.0,0.0,0.0,0.0,0.0,0.0,0.0,0.0,0.0,0.0,0.0,0.0,0.0,0.0,0.0,0.0,0.0,0.0,0.0,0.0,60.67680068590468,72.5892313705055,64.26239408167483,63.19624249394085,0.0,0.0,0.0,0.0,0.0,0.0
694,694,0.0,0.0,0.0,0.0,0.0,0.0,0.0,0.0,0.0,0.0,0.0,0.0,0.0,0.0,0.0,0.0,0.0,0.0,0.0,0.0,0.0,0.0,50.64156615074832,76.62403819636279,60.47921711985536,68.3157711173576,0.0,0.0,0.0,0.0,0.0,0.0
695,695,0.0,0.0,0.0,0.0,0.0,0.0,0.0,0.0,0.0,0.0,0.0,0.0,0.0,0.0,0.0,0.0,0.0,0.0,0.0,0.0,0.0,0.0,51.22297000280855,75.762272186503,64.18833531196422,57.6456251742076,0.0,0.0,0.0,0.0,0.0,0.0
696,696,0.0,0.0,0.0,0.0,0.0,0.0,0.0,0.0,0.0,0.0,0.0,0.0,0.0,0.0,0.0,0.0,0.0,0.0,0.0,0.0,0.0,0.0,62.75755386058504,79.46396436848151,75.79665408551564,58.90433197737757,0.0,0.0,0.0,0.0,0.0,0.0
697,697,0.0,0.0,0.0,0.0,0.0,0.0,0.0,0.0,0.0,0.0,0.0,0.0,0.0,0.0,0.0,0.0,0.0,0.0,0.0,0.0,0.0,0.0,66.12706763459897,88.0429008904016,65.46877759305806,58.34322556165928,0.0,0.0,0.0,0.0,0.0,0.0
698,698,0.0,0.0,0.0,0.0,0.0,0.0,0.0,0.0,0.0,0.0,0.0,0.0,0.0,0.0,0.0,0.0,0.0,0.0,0.0,0.0,0.0,0.0,52.32567086526898,83.45342638007526,53.36548153652545,90.74924015527404,0.0,0.0,0.0,0.0,0.0,0.0
699,699,0.0,0.0,0.0,0.0,0.0,0.0,0.0,0.0,0.0,0.0,0.0,0.0,0.0,0.0,0.0,0.0,0.0,0.0,0.0,0.0,0.0,0.0,61.183789414058936,94.91928203123452,81.28777721164325,60.18131597540416,0.0,0.0,0.0,0.0,0.0,0.0
700,700,0.0,0.0,0.0,0.0,0.0,0.0,0.0,0.0,0.0,0.0,0.0,0.0,0.0,0.0,0.0,0.0,0.0,0.0,0.0,0.0,0.0,0.0,58.307951468106936,83.38833911587626,55.534514754325286,65.27617078739233,0.0,0.0,0.0,0.0,0.0,0.0
701,701,0.0,0.0,0.0,0.0,0.0,0.0,0.0,0.0,0.0,0.0,0.0,0.0,0.0,0.0,0.0,0.0,0.0,0.0,0.0,0.0,0.0,0.0,48.359923120471116,85.44219748712902,54.133477012534364,64.53189485464492,0.0,0.0,0.0,0.0,0.0,0.0
702,702,0.0,0.0,0.0,0.0,0.0,0.0,0.0,0.0,0.0,0.0,0.0,0.0,0.0,0.0,0.0,0.0,0.0,0.0,0.0,0.0,0.0,0.0,54.389659473026924,75.82381591840324,68.82017797332351,58.56447768449314,0.0,0.0,0.0,0.0,0.0,0.0
703,703,0.0,0.0,0.0,0.0,0.0,0.0,0.0,0.0,0.0,0.0,0.0,0.0,0.0,0.0,0.0,0.0,0.0,0.0,0.0,0.0,0.0,0.0,58.88071240079804,66.33248726493488,53.31113687125773,48.94590508430508,0.0,0.0,0.0,0.0,0.0,0.0
704,704,0.0,0.0,0.0,0.0,0.0,0.0,0.0,0.0,0.0,0.0,0.0,0.0,0.0,0.0,0.0,0.0,0.0,0.0,0.0,0.0,0.0,0.0,55.28981625951521,75.92008880572381,52.9737748562773,54.522537522438014,0.0,0.0,0.0,0.0,0.0,0.0
705,705,0.0,0.0,0.0,0.0,0.0,0.0,0.0,0.0,0.0,0.0,0.0,0.0,0.0,0.0,0.0,0.0,0.0,0.0,0.0,0.0,0.0,0.0,67.01225115702083,73.99768159127618,68.05912448848817,57.51870819352894,0.0,0.0,0.0,0.0,0.0,0.0
706,706,0.0,0.0,0.0,0.0,0.0,0.0,0.0,0.0,0.0,0.0,0.0,0.0,0.0,0.0,0.0,0.0,0.0,0.0,0.0,0.0,0.0,0.0,62.16488990454417,86.29874340596241,51.827591937742746,73.53532305509262,0.0,0.0,0.0,0.0,0.0,0.0
707,707,0.0,0.0,0.0,0.0,0.0,0.0,0.0,0.0,0.0,0.0,0.0,0.0,0.0,0.0,0.0,0.0,0.0,0.0,0.0,0.0,0.0,0.0,48.88925055307626,75.85243825867585,61.7639554913807,79.34964666590653,0.0,0.0,0.0,0.0,0.0,0.0
708,708,0.0,0.0,0.0,0.0,0.0,0.0,0.0,0.0,0.0,0.0,0.0,0.0,0.0,0.0,0.0,0.0,0.0,0.0,0.0,0.0,0.0,0.0,60.1197688433555,86.52259267717922,65.27596824956247,83.19810381602498,0.0,0.0,0.0,0.0,0.0,0.0
709,709,0.0,0.0,0.0,0.0,0.0,0.0,0.0,0.0,0.0,0.0,0.0,0.0,0.0,0.0,0.0,0.0,0.0,0.0,0.0,0.0,0.0,0.0,51.81359035299117,65.52805508080044,63.98850809728332,64.76177153423056,0.0,0.0,0.0,0.0,0.0,0.0
710,710,0.0,0.0,0.0,0.0,0.0,0.0,0.0,0.0,0.0,0.0,0.0,0.0,0.0,0.0,0.0,0.0,0.0,0.0,0.0,0.0,0.0,0.0,39.544144938930245,85.64968293847176,52.569874622478935,64.40893442557845,0.0,0.0,0.0,0.0,0.0,0.0
711,711,0.0,0.0,0.0,0.0,0.0,0.0,0.0,0.0,0.0,0.0,0.0,0.0,0.0,0.0,0.0,0.0,0.0,0.0,0.0,0.0,0.0,0.0,36.33542446315578,68.91505161481423,57.156785346891596,77.99784838936199,0.0,0.0,0.0,0.0,0.0,0.0
712,712,0.0,0.0,0.0,0.0,0.0,0.0,0.0,0.0,0.0,0.0,0.0,0.0,0.0,0.0,0.0,0.0,0.0,0.0,0.0,0.0,0.0,0.0,60.7625814845144,81.75874113337498,62.62842057055702,72.50657980242299,0.0,0.0,0.0,0.0,0.0,0.0
713,713,0.0,0.0,0.0,0.0,0.0,0.0,0.0,0.0,0.0,0.0,0.0,0.0,0.0,0.0,0.0,0.0,0.0,0.0,0.0,0.0,0.0,0.0,62.659146379791096,78.06106682237007,64.3803906285807,78.29561505416949,0.0,0.0,0.0,0.0,0.0,0.0
714,714,0.0,0.0,0.0,0.0,0.0,0.0,0.0,0.0,0.0,0.0,0.0,0.0,0.0,0.0,0.0,0.0,0.0,0.0,0.0,0.0,0.0,0.0,50.21944290362173,78.67244662614041,48.50076519516104,72.10350865082293,50.374673018865366,0.0,0.0,0.0,0.0,0.0
715,715,0.0,0.0,0.0,0.0,0.0,0.0,0.0,0.0,0.0,0.0,0.0,0.0,0.0,0.0,0.0,0.0,0.0,0.0,0.0,0.0,0.0,0.0,52.23425869843914,89.65001040893668,50.80646530019782,77.14509896927478,61.920517714904676,0.0,0.0,0.0,0.0,0.0
716,716,0.0,0.0,0.0,0.0,0.0,0.0,0.0,0.0,0.0,0.0,0.0,0.0,0.0,0.0,0.0,0.0,0.0,0.0,0.0,0.0,0.0,0.0,39.903996723043875,80.6259507821366,71.74262967577003,70.05451841752671,53.648338943535286,0.0,0.0,0.0,0.0,0.0
717,717,0.0,0.0,0.0,0.0,0.0,0.0,0.0,0.0,0.0,0.0,0.0,0.0,0.0,0.0,0.0,0.0,0.0,0.0,0.0,0.0,0.0,0.0,50.48281291691751,62.14580449549011,60.2458129689462,71.68474002485685,46.35854125678618,0.0,0.0,0.0,0.0,0.0
718,718,0.0,0.0,0.0,0.0,0.0,0.0,0.0,0.0,0.0,0.0,0.0,0.0,0.0,0.0,0.0,0.0,0.0,0.0,0.0,0.0,0.0,0.0,64.7276132564654,77.96798145739903,52.891662480413096,76.233041991634,56.787359545950025,0.0,0.0,0.0,0.0,0.0
719,719,0.0,0.0,0.0,0.0,0.0,0.0,0.0,0.0,0.0,0.0,0.0,0.0,0.0,0.0,0.0,0.0,0.0,0.0,0.0,0.0,0.0,0.0,47.02568623232851,76.43519151344267,43.87370638920006,80.31727244427478,51.77263326293804,0.0,0.0,0.0,0.0,0.0
720,720,0.0,0.0,0.0,0.0,0.0,0.0,0.0,0.0,0.0,0.0,0.0,0.0,0.0,0.0,0.0,0.0,0.0,0.0,0.0,0.0,0.0,0.0,52.524530889850524,72.23457056599507,51.12516012897049,68.79840031561523,54.849372273681766,0.0,0.0,0.0,0.0,0.0
721,721,0.0,0.0,0.0,0.0,0.0,0.0,0.0,0.0,0.0,0.0,0.0,0.0,0.0,0.0,0.0,0.0,0.0,0.0,0.0,0.0,0.0,0.0,56.105267606152154,66.94399513732431,72.21006817917547,67.58496197077741,56.91909644556304,0.0,0.0,0.0,0.0,0.0
722,722,0.0,0.0,0.0,0.0,0.0,0.0,0.0,0.0,0.0,0.0,0.0,0.0,0.0,0.0,0.0,0.0,0.0,0.0,0.0,0.0,0.0,0.0,0.0,80.21194123335324,68.29137138022558,79.06332455638719,67.85944511111124,0.0,0.0,0.0,0.0,0.0
723,723,0.0,0.0,0.0,0.0,0.0,0.0,0.0,0.0,0.0,0.0,0.0,0.0,0.0,0.0,0.0,0.0,0.0,0.0,0.0,0.0,0.0,0.0,0.0,77.04969496677856,52.1325942921012,86.72932839627713,56.44148511869979,0.0,0.0,0.0,0.0,0.0
724,724,0.0,0.0,0.0,0.0,0.0,0.0,0.0,0.0,0.0,0.0,0.0,0.0,0.0,0.0,0.0,0.0,0.0,0.0,0.0,0.0,0.0,0.0,0.0,74.3902631383786,51.48581485140593,78.83563238759533,56.78153471021339,0.0,0.0,0.0,0.0,0.0
725,725,0.0,0.0,0.0,0.0,0.0,0.0,0.0,0.0,0.0,0.0,0.0,0.0,0.0,0.0,0.0,0.0,0.0,0.0,0.0,0.0,0.0,0.0,0.0,68.17859277624495,48.11547676642711,88.9516136400507,48.75458117054957,0.0,0.0,0.0,0.0,0.0
726,726,0.0,0.0,0.0,0.0,0.0,0.0,0.0,0.0,0.0,0.0,0.0,0.0,0.0,0.0,0.0,0.0,0.0,0.0,0.0,0.0,0.0,0.0,0.0,74.44773115999375,54.99294149331169,67.45535893625014,58.03526876659854,0.0,0.0,0.0,0.0,0.0
727,727,0.0,0.0,0.0,0.0,0.0,0.0,0.0,0.0,0.0,0.0,0.0,0.0,0.0,0.0,0.0,0.0,0.0,0.0,0.0,0.0,0.0,0.0,0.0,68.11523193270352,54.659644770997986,72.62395297837998,57.19103510091031,0.0,0.0,0.0,0.0,0.0
728,728,0.0,0.0,0.0,0.0,0.0,0.0,0.0,0.0,0.0,0.0,0.0,0.0,0.0,0.0,0.0,0.0,0.0,0.0,0.0,0.0,0.0,0.0,0.0,89.37047941786572,43.624781563954244,73.04205947707086,59.36271289568999,0.0,0.0,0.0,0.0,0.0
729,729,0.0,0.0,0.0,0.0,0.0,0.0,0.0,0.0,0.0,0.0,0.0,0.0,0.0,0.0,0.0,0.0,0.0,0.0,0.0,0.0,0.0,0.0,0.0,70.35526943076107,49.96282392792675,69.95162955668073,45.38030358815507,0.0,0.0,0.0,0.0,0.0
730,730,0.0,0.0,0.0,0.0,0.0,0.0,0.0,0.0,0.0,0.0,0.0,0.0,0.0,0.0,0.0,0.0,0.0,0.0,0.0,0.0,0.0,0.0,0.0,80.12665184252529,60.57834658217194,85.47312501576249,63.592364600192525,0.0,0.0,0.0,0.0,0.0
731,731,0.0,0.0,0.0,0.0,0.0,0.0,0.0,0.0,0.0,0.0,0.0,0.0,0.0,0.0,0.0,0.0,0.0,0.0,0.0,0.0,0.0,0.0,0.0,82.00273589124983,59.63719029707544,81.16592563228595,48.65840208056524,0.0,0.0,0.0,0.0,0.0
732,732,0.0,0.0,0.0,0.0,0.0,0.0,0.0,0.0,0.0,0.0,0.0,0.0,0.0,0.0,0.0,0.0,0.0,0.0,0.0,0.0,0.0,0.0,0.0,86.74103628370898,47.10815136081753,75.74034048611406,66.28265102775615,0.0,0.0,0.0,0.0,0.0
733,733,0.0,0.0,0.0,0.0,0.0,0.0,0.0,0.0,0.0,0.0,0.0,0.0,0.0,0.0,0.0,0.0,0.0,0.0,0.0,0.0,0.0,0.0,0.0,64.09133443381656,54.04645256306281,72.8634408574541,48.52202428713173,0.0,0.0,0.0,0.0,0.0
734,734,0.0,0.0,0.0,0.0,0.0,0.0,0.0,0.0,0.0,0.0,0.0,0.0,0.0,0.0,0.0,0.0,0.0,0.0,0.0,0.0,0.0,0.0,0.0,79.03559788645583,45.34322985240674,78.48666645950179,53.94778333733008,0.0,0.0,0.0,0.0,0.0
735,735,0.0,0.0,0.0,0.0,0.0,0.0,0.0,0.0,0.0,0.0,0.0,0.0,0.0,0.0,0.0,0.0,0.0,0.0,0.0,0.0,0.0,0.0,0.0,70.52259937992787,48.796767844447565,78.39644502695116,78.27755556016504,0.0,0.0,0.0,0.0,0.0
736,736,0.0,0.0,0.0,0.0,0.0,0.0,0.0,0.0,0.0,0.0,0.0,0.0,0.0,0.0,0.0,0.0,0.0,0.0,0.0,0.0,0.0,0.0,0.0,78.84564269381187,63.82255532958221,77.45008716925925,54.45469622465831,0.0,0.0,0.0,0.0,0.0
737,737,0.0,0.0,0.0,0.0,0.0,0.0,0.0,0.0,0.0,0.0,0.0,0.0,0.0,0.0,0.0,0.0,0.0,0.0,0.0,0.0,0.0,0.0,0.0,66.27324152109473,57.07539588805561,72.98161421000371,52.226311632305254,0.0,0.0,0.0,0.0,0.0
738,738,0.0,0.0,0.0,0.0,0.0,0.0,0.0,0.0,0.0,0.0,0.0,0.0,0.0,0.0,0.0,0.0,0.0,0.0,0.0,0.0,0.0,0.0,0.0,89.70733478872472,41.575465729108174,94.53163113113172,72.18913337484936,0.0,0.0,0.0,0.0,0.0
739,739,0.0,0.0,0.0,0.0,0.0,0.0,0.0,0.0,0.0,0.0,0.0,0.0,0.0,0.0,0.0,0.0,0.0,0.0,0.0,0.0,0.0,0.0,0.0,69.85287006600757,41.68417743486762,73.43086436900494,54.08644060736502,0.0,0.0,0.0,0.0,0.0
740,740,0.0,0.0,0.0,0.0,0.0,0.0,0.0,0.0,0.0,0.0,0.0,0.0,0.0,0.0,0.0,0.0,0.0,0.0,0.0,0.0,0.0,0.0,0.0,73.52150103339744,42.362321430835756,79.0664601931981,57.23936554312071,0.0,0.0,0.0,0.0,0.0
741,741,0.0,0.0,0.0,0.0,0.0,0.0,0.0,0.0,0.0,0.0,0.0,0.0,0.0,0.0,0.0,0.0,0.0,0.0,0.0,0.0,0.0,0.0,0.0,72.04458250753426,58.4823662773677,82.40020176730788,58.051036895322945,0.0,0.0,0.0,0.0,0.0
742,742,0.0,0.0,0.0,0.0,0.0,0.0,0.0,0.0,0.0,0.0,0.0,0.0,0.0,0.0,0.0,0.0,0.0,0.0,0.0,0.0,0.0,0.0,0.0,74.66836038392435,0.0,82.30499456137815,65.10894952172013,0.0,0.0,0.0,0.0,0.0
743,743,0.0,0.0,0.0,0.0,0.0,0.0,0.0,0.0,0.0,0.0,0.0,0.0,0.0,0.0,0.0,0.0,0.0,0.0,0.0,0.0,0.0,0.0,0.0,57.96906281460365,0.0,76.01032813708099,55.54731920715024,0.0,0.0,0.0,0.0,0.0
744,744,0.0,0.0,0.0,0.0,0.0,0.0,0.0,0.0,0.0,0.0,0.0,0.0,0.0,0.0,0.0,0.0,0.0,0.0,0.0,0.0,0.0,0.0,0.0,67.52175309214888,0.0,86.19060792754793,64.50096143286079,0.0,0.0,0.0,0.0,0.0
745,745,0.0,0.0,0.0,0.0,0.0,0.0,0.0,0.0,0.0,0.0,0.0,0.0,0.0,0.0,0.0,0.0,0.0,0.0,0.0,0.0,0.0,0.0,0.0,68.9485681719845,0.0,69.5992157666685,65.68175183059088,0.0,0.0,0.0,0.0,0.0
746,746,0.0,0.0,0.0,0.0,0.0,0.0,0.0,0.0,0.0,0.0,0.0,0.0,0.0,0.0,0.0,0.0,0.0,0.0,0.0,0.0,0.0,0.0,0.0,85.74092965865623,0.0,82.04883839199056,62.68438694615696,0.0,0.0,0.0,0.0,0.0
747,747,0.0,0.0,0.0,0.0,0.0,0.0,0.0,0.0,0.0,0.0,0.0,0.0,0.0,0.0,0.0,0.0,0.0,0.0,0.0,0.0,0.0,0.0,0.0,53.23440491087305,0.0,90.29631915046517,62.52621737231738,0.0,0.0,0.0,0.0,0.0
748,748,0.0,0.0,0.0,0.0,0.0,0.0,0.0,0.0,0.0,0.0,0.0,0.0,0.0,0.0,0.0,0.0,0.0,0.0,0.0,0.0,0.0,0.0,0.0,65.54531893049742,0.0,72.8362510575825,45.56168994285339,0.0,0.0,0.0,0.0,0.0
749,749,0.0,0.0,0.0,0.0,0.0,0.0,0.0,0.0,0.0,0.0,0.0,0.0,0.0,0.0,0.0,0.0,0.0,0.0,0.0,0.0,0.0,0.0,0.0,61.545677483362724,0.0,84.71251220137809,69.30858347137212,48.457044090261014,0.0,0.0,0.0,0.0
750,750,0.0,0.0,0.0,0.0,0.0,0.0,0.0,0.0,0.0,0.0,0.0,0.0,0.0,0.0,0.0,0.0,0.0,0.0,0.0,0.0,0.0,0.0,0.0,76.8546988890972,0.0,75.36345167160859,59.60755853192212,56.50817948844877,0.0,0.0,0.0,0.0
751,751,0.0,0.0,0.0,0.0,0.0,0.0,0.0,0.0,0.0,0.0,0.0,0.0,0.0,0.0,0.0,0.0,0.0,0.0,0.0,0.0,0.0,0.0,0.0,55.16846790355412,0.0,65.88210627761775,64.64723437509338,61.69214535443488,0.0,0.0,0.0,0.0
752,752,0.0,0.0,0.0,0.0,0.0,0.0,0.0,0.0,0.0,0.0,0.0,0.0,0.0,0.0,0.0,0.0,0.0,0.0,0.0,0.0,0.0,0.0,0.0,57.381319232565225,0.0,67.39870412059949,50.56024093433573,50.62262162329564,0.0,0.0,0.0,0.0
753,753,0.0,0.0,0.0,0.0,0.0,0.0,0.0,0.0,0.0,0.0,0.0,0.0,0.0,0.0,0.0,0.0,0.0,0.0,0.0,0.0,0.0,0.0,0.0,71.18702818080521,0.0,75.72890144344942,51.01463418701777,57.976806212842654,0.0,0.0,0.0,0.0
754,754,0.0,0.0,0.0,0.0,0.0,0.0,0.0,0.0,0.0,0.0,0.0,0.0,0.0,0.0,0.0,0.0,0.0,0.0,0.0,0.0,0.0,0.0,0.0,68.37555954187516,0.0,82.84997404531975,64.91047105930042,70.16126499569758,0.0,0.0,0.0,0.0
755,755,0.0,0.0,0.0,0.0,0.0,0.0,0.0,0.0,0.0,0.0,0.0,0.0,0.0,0.0,0.0,0.0,0.0,0.0,0.0,0.0,0.0,0.0,0.0,67.55458201214357,0.0,86.59892433555135,50.71449480106036,51.76002006566843,0.0,0.0,0.0,0.0
756,756,0.0,0.0,0.0,0.0,0.0,0.0,0.0,0.0,0.0,0.0,0.0,0.0,0.0,0.0,0.0,0.0,0.0,0.0,0.0,0.0,0.0,0.0,0.0,71.3036956527559,0.0,78.07462522058997,57.904802215528626,55.13399151778022,0.0,0.0,0.0,0.0
757,757,0.0,0.0,0.0,0.0,0.0,0.0,0.0,0.0,0.0,0.0,0.0,0.0,0.0,0.0,0.0,0.0,0.0,0.0,0.0,0.0,0.0,0.0,0.0,57.91467595852603,0.0,87.11538543263153,62.615099202714994,56.72523063404366,0.0,0.0,0.0,0.0
758,758,0.0,0.0,0.0,0.0,0.0,0.0,0.0,0.0,0.0,0.0,0.0,0.0,0.0,0.0,0.0,0.0,0.0,0.0,0.0,0.0,0.0,0.0,0.0,61.671320084175946,0.0,78.41573947561137,60.4148849246871,40.30656879620232,0.0,0.0,0.0,0.0
759,759,0.0,0.0,0.0,0.0,0.0,0.0,0.0,0.0,0.0,0.0,0.0,0.0,0.0,0.0,0.0,0.0,0.0,0.0,0.0,0.0,0.0,0.0,0.0,59.57225615729957,0.0,76.11099979561885,65.66992425808444,62.97592741897451,0.0,0.0,0.0,0.0
760,760,0.0,0.0,0.0,0.0,0.0,0.0,0.0,0.0,0.0,0.0,0.0,0.0,0.0,0.0,0.0,0.0,0.0,0.0,0.0,0.0,0.0,0.0,0.0,73.04190875759302,0.0,80.45172652692057,50.08221214341775,54.43980495369033,0.0,0.0,0.0,0.0
761,761,0.0,0.0,0.0,0.0,0.0,0.0,0.0,0.0,0.0,0.0,0.0,0.0,0.0,0.0,0.0,0.0,0.0,0.0,0.0,0.0,0.0,0.0,0.0,37.91416359921863,0.0,84.53999628639497,75.38467801474562,49.51629156184141,0.0,0.0,0.0,0.0
762,762,0.0,0.0,0.0,0.0,0.0,0.0,0.0,0.0,0.0,0.0,0.0,0.0,0.0,0.0,0.0,0.0,0.0,0.0,0.0,0.0,0.0,0.0,0.0,55.71560437745505,0.0,74.8133811830124,71.46209583585782,59.52439732753234,0.0,0.0,0.0,0.0
763,763,0.0,0.0,0.0,0.0,0.0,0.0,0.0,0.0,0.0,0.0,0.0,0.0,0.0,0.0,0.0,0.0,0.0,0.0,0.0,0.0,0.0,0.0,0.0,53.35246064137866,0.0,85.51842974458533,52.29932021254997,46.72331214406256,0.0,0.0,0.0,0.0
764,764,0.0,0.0,0.0,0.0,0.0,0.0,0.0,0.0,0.0,0.0,0.0,0.0,0.0,0.0,0.0,0.0,0.0,0.0,0.0,0.0,0.0,0.0,0.0,62.23278642269858,0.0,92.91785448404042,64.16928482017386,53.137690926972006,0.0,0.0,0.0,0.0
765,765,0.0,0.0,0.0,0.0,0.0,0.0,0.0,0.0,0.0,0.0,0.0,0.0,0.0,0.0,0.0,0.0,0.0,0.0,0.0,0.0,0.0,0.0,0.0,65.30348545737768,0.0,76.08280212183703,62.553285142257096,59.89071641322267,0.0,0.0,0.0,0.0
766,766,0.0,0.0,0.0,0.0,0.0,0.0,0.0,0.0,0.0,0.0,0.0,0.0,0.0,0.0,0.0,0.0,0.0,0.0,0.0,0.0,0.0,0.0,0.0,54.54360738106052,0.0,88.50835734277038,73.91075781158551,53.174532833357034,0.0,0.0,0.0,0.0
767,767,0.0,0.0,0.0,0.0,0.0,0.0,0.0,0.0,0.0,0.0,0.0,0.0,0.0,0.0,0.0,0.0,0.0,0.0,0.0,0.0,0.0,0.0,0.0,71.59662801018551,0.0,85.56019525963036,70.75804240659296,62.812077859948786,0.0,0.0,0.0,0.0
768,768,0.0,0.0,0.0,0.0,0.0,0.0,0.0,0.0,0.0,0.0,0.0,0.0,0.0,0.0,0.0,0.0,0.0,0.0,0.0,0.0,0.0,0.0,0.0,61.75541479344885,0.0,70.70217908045986,71.83905955210258,54.48606243347659,0.0,0.0,0.0,0.0
769,769,0.0,0.0,0.0,0.0,0.0,0.0,0.0,0.0,0.0,0.0,0.0,0.0,0.0,0.0,0.0,0.0,0.0,0.0,0.0,0.0,0.0,0.0,0.0,67.80413814714373,0.0,78.957243993743,61.0310553961396,61.345533085634244,0.0,0.0,0.0,0.0
770,770,0.0,0.0,0.0,0.0,0.0,0.0,0.0,0.0,0.0,0.0,0.0,0.0,0.0,0.0,0.0,0.0,0.0,0.0,0.0,0.0,0.0,0.0,0.0,47.39792859821744,0.0,80.25276733183185,62.24238966663682,52.0211100569899,0.0,0.0,0.0,0.0
771,771,0.0,0.0,0.0,0.0,0.0,0.0,0.0,0.0,0.0,0.0,0.0,0.0,0.0,0.0,0.0,0.0,0.0,0.0,0.0,0.0,0.0,0.0,0.0,65.04029844618375,0.0,89.42519171619205,65.86897500436093,63.5565633213955,0.0,0.0,0.0,0.0
772,772,0.0,0.0,0.0,0.0,0.0,0.0,0.0,0.0,0.0,0.0,0.0,0.0,0.0,0.0,0.0,0.0,0.0,0.0,0.0,0.0,0.0,0.0,0.0,51.01106237725278,0.0,79.5610642195065,57.573259918135825,56.92993950721714,0.0,0.0,0.0,0.0
773,773,0.0,0.0,0.0,0.0,0.0,0.0,0.0,0.0,0.0,0.0,0.0,0.0,0.0,0.0,0.0,0.0,0.0,0.0,0.0,0.0,0.0,0.0,0.0,65.46625670730697,0.0,76.43315282761716,83.05738121781508,53.88515571566375,47.69938846708139,0.0,0.0,0.0
774,774,0.0,0.0,0.0,0.0,0.0,0.0,0.0,0.0,0.0,0.0,0.0,0.0,0.0,0.0,0.0,0.0,0.0,0.0,0.0,0.0,0.0,0.0,0.0,45.92899974575208,0.0,76.4464933806915,67.87786602860109,58.17929834277468,61.49397660579497,0.0,0.0,0.0
775,775,0.0,0.0,0.0,0.0,0.0,0.0,0.0,0.0,0.0,0.0,0.0,0.0,0.0,0.0,0.0,0.0,0.0,0.0,0.0,0.0,0.0,0.0,0.0,65.94194319935166,0.0,75.12241239748883,63.543625412362076,60.903475992392295,44.62866481745181,0.0,0.0,0.0
776,776,0.0,0.0,0.0,0.0,0.0,0.0,0.0,0.0,0.0,0.0,0.0,0.0,0.0,0.0,0.0,0.0,0.0,0.0,0.0,0.0,0.0,0.0,0.0,57.88138776275474,0.0,85.52076486741339,58.62964986784481,63.35615894668552,56.90837831191148,0.0,0.0,0.0
777,777,0.0,0.0,0.0,0.0,0.0,0.0,0.0,0.0,0.0,0.0,0.0,0.0,0.0,0.0,0.0,0.0,0.0,0.0,0.0,0.0,0.0,0.0,0.0,54.16611355772802,0.0,84.45971537847291,63.672736136597635,63.823069613140206,56.003101671359445,0.0,0.0,0.0
778,778,0.0,0.0,0.0,0.0,0.0,0.0,0.0,0.0,0.0,0.0,0.0,0.0,0.0,0.0,0.0,0.0,0.0,0.0,0.0,0.0,0.0,0.0,0.0,60.48656227083906,0.0,76.32003594598925,58.86987661947631,59.78612393942301,56.2412132439516,0.0,0.0,0.0
779,779,0.0,0.0,0.0,0.0,0.0,0.0,0.0,0.0,0.0,0.0,0.0,0.0,0.0,0.0,0.0,0.0,0.0,0.0,0.0,0.0,0.0,0.0,0.0,59.23895161840063,0.0,69.60920572977393,62.20462581992985,59.955733949372544,50.22193075586037,0.0,0.0,0.0
780,780,0.0,0.0,0.0,0.0,0.0,0.0,0.0,0.0,0.0,0.0,0.0,0.0,0.0,0.0,0.0,0.0,0.0,0.0,0.0,0.0,0.0,0.0,0.0,60.12809002663279,0.0,88.7358507566472,61.79613891317402,43.589073098398515,58.78653183763269,0.0,0.0,0.0
781,781,0.0,0.0,0.0,0.0,0.0,0.0,0.0,0.0,0.0,0.0,0.0,0.0,0.0,0.0,0.0,0.0,0.0,0.0,0.0,0.0,0.0,0.0,0.0,67.95847760485793,0.0,83.33637450993298,70.36224618876025,65.00136782184994,53.79735308897718,0.0,0.0,0.0
782,782,0.0,0.0,0.0,0.0,0.0,0.0,0.0,0.0,0.0,0.0,0.0,0.0,0.0,0.0,0.0,0.0,0.0,0.0,0.0,0.0,0.0,0.0,0.0,58.12843544759609,0.0,77.78085751171842,67.87721254889138,65.047831372377,47.248624151398786,0.0,0.0,0.0
783,783,0.0,0.0,0.0,0.0,0.0,0.0,0.0,0.0,0.0,0.0,0.0,0.0,0.0,0.0,0.0,0.0,0.0,0.0,0.0,0.0,0.0,0.0,0.0,51.65594911788381,0.0,73.75242705746263,56.4046330551296,69.1478753997898,62.82520967501519,0.0,0.0,0.0
784,784,0.0,0.0,0.0,0.0,0.0,0.0,0.0,0.0,0.0,0.0,0.0,0.0,0.0,0.0,0.0,0.0,0.0,0.0,0.0,0.0,0.0,0.0,0.0,55.73481190174976,0.0,83.00102883038207,58.18724232222086,63.572988943890415,54.654190331216874,0.0,0.0,0.0
785,785,0.0,0.0,0.0,0.0,0.0,0.0,0.0,0.0,0.0,0.0,0.0,0.0,0.0,0.0,0.0,0.0,0.0,0.0,0.0,0.0,0.0,0.0,0.0,51.95786646196474,0.0,71.6992835819014,70.23863248190827,63.4442522465394,47.85003070968162,0.0,0.0,0.0
786,786,0.0,0.0,0.0,0.0,0.0,0.0,0.0,0.0,0.0,0.0,0.0,0.0,0.0,0.0,0.0,0.0,0.0,0.0,0.0,0.0,0.0,0.0,0.0,57.88095750282892,0.0,63.88889696750695,63.08266296900453,67.42504771935552,62.90821622591244,0.0,0.0,0.0
787,787,0.0,0.0,0.0,0.0,0.0,0.0,0.0,0.0,0.0,0.0,0.0,0.0,0.0,0.0,0.0,0.0,0.0,0.0,0.0,0.0,0.0,0.0,0.0,59.60261918944653,0.0,75.16296612974854,58.93705355081087,59.67304761162424,49.44658661477724,0.0,0.0,0.0
788,788,0.0,0.0,0.0,0.0,0.0,0.0,0.0,0.0,0.0,0.0,0.0,0.0,0.0,0.0,0.0,0.0,0.0,0.0,0.0,0.0,0.0,0.0,0.0,49.44209846963366,0.0,70.07588597864569,47.692101509495615,61.93668545692799,62.62115037975897,0.0,0.0,0.0
789,789,0.0,0.0,0.0,0.0,0.0,0.0,0.0,0.0,0.0,0.0,0.0,0.0,0.0,0.0,0.0,0.0,0.0,0.0,0.0,0.0,0.0,0.0,0.0,0.0,0.0,67.182221467545,65.4827294166999,67.31762063422204,62.33784925534731,0.0,0.0,0.0
790,790,0.0,0.0,0.0,0.0,0.0,0.0,0.0,0.0,0.0,0.0,0.0,0.0,0.0,0.0,0.0,0.0,0.0,0.0,0.0,0.0,0.0,0.0,0.0,0.0,0.0,69.13595654370354,67.33885980298416,58.130500563058376,53.2309175138426,0.0,0.0,0.0
791,791,0.0,0.0,0.0,0.0,0.0,0.0,0.0,0.0,0.0,0.0,0.0,0.0,0.0,0.0,0.0,0.0,0.0,0.0,0.0,0.0,0.0,0.0,0.0,0.0,0.0,66.02313384503682,60.45093356277437,78.85640595636703,59.869000908284306,0.0,0.0,0.0
792,792,0.0,0.0,0.0,0.0,0.0,0.0,0.0,0.0,0.0,0.0,0.0,0.0,0.0,0.0,0.0,0.0,0.0,0.0,0.0,0.0,0.0,0.0,0.0,0.0,0.0,65.94136311055429,67.44117475233435,57.019489860800704,66.54506591912227,0.0,0.0,0.0
793,793,0.0,0.0,0.0,0.0,0.0,0.0,0.0,0.0,0.0,0.0,0.0,0.0,0.0,0.0,0.0,0.0,0.0,0.0,0.0,0.0,0.0,0.0,0.0,0.0,0.0,59.89350853657175,71.23040432549344,65.25773809482976,62.42228523071326,0.0,0.0,0.0
794,794,0.0,0.0,0.0,0.0,0.0,0.0,0.0,0.0,0.0,0.0,0.0,0.0,0.0,0.0,0.0,0.0,0.0,0.0,0.0,0.0,0.0,0.0,0.0,0.0,0.0,73.73835242907117,66.15836780815819,66.31797329797382,61.55036521761402,0.0,0.0,0.0
795,795,0.0,0.0,0.0,0.0,0.0,0.0,0.0,0.0,0.0,0.0,0.0,0.0,0.0,0.0,0.0,0.0,0.0,0.0,0.0,0.0,0.0,0.0,0.0,0.0,0.0,75.73279646431645,53.5439006563545,55.3504703880231,59.983198297153905,51.92114874302638,0.0,0.0
796,796,0.0,0.0,0.0,0.0,0.0,0.0,0.0,0.0,0.0,0.0,0.0,0.0,0.0,0.0,0.0,0.0,0.0,0.0,0.0,0.0,0.0,0.0,0.0,0.0,0.0,67.00047235228101,62.104787380972475,60.16773284092217,53.202611660095485,49.8967767418777,0.0,0.0
797,797,0.0,0.0,0.0,0.0,0.0,0.0,0.0,0.0,0.0,0.0,0.0,0.0,0.0,0.0,0.0,0.0,0.0,0.0,0.0,0.0,0.0,0.0,0.0,0.0,0.0,85.77044624182297,62.545628166992174,60.572506123821825,48.38781300973882,47.47336485312579,0.0,0.0
798,798,0.0,0.0,0.0,0.0,0.0,0.0,0.0,0.0,0.0,0.0,0.0,0.0,0.0,0.0,0.0,0.0,0.0,0.0,0.0,0.0,0.0,0.0,0.0,0.0,0.0,87.63750485464371,58.19456680672494,58.7094431757572,62.97185466811172,71.99974566976124,0.0,0.0
799,799,0.0,0.0,0.0,0.0,0.0,0.0,0.0,0.0,0.0,0.0,0.0,0.0,0.0,0.0,0.0,0.0,0.0,0.0,0.0,0.0,0.0,0.0,0.0,0.0,0.0,62.0761464794007,66.09950830794004,54.579388742299386,57.15953008572527,60.58812144104964,0.0,0.0
800,800,0.0,0.0,0.0,0.0,0.0,0.0,0.0,0.0,0.0,0.0,0.0,0.0,0.0,0.0,0.0,0.0,0.0,0.0,0.0,0.0,0.0,0.0,0.0,0.0,0.0,71.55658795467804,51.54835139532904,61.42769770048434,61.81965311788498,57.228888670022634,0.0,0.0
801,801,0.0,0.0,0.0,0.0,0.0,0.0,0.0,0.0,0.0,0.0,0.0,0.0,0.0,0.0,0.0,0.0,0.0,0.0,0.0,0.0,0.0,0.0,0.0,0.0,0.0,67.2509299244705,61.0247221584132,67.26123425377058,51.10910099673571,56.338011136171964,0.0,0.0
802,802,0.0,0.0,0.0,0.0,0.0,0.0,0.0,0.0,0.0,0.0,0.0,0.0,0.0,0.0,0.0,0.0,0.0,0.0,0.0,0.0,0.0,0.0,0.0,0.0,0.0,71.41415661838548,57.50801352187898,63.78804922103801,67.04390594943625,66.40642166404604,0.0,0.0
803,803,0.0,0.0,0.0,0.0,0.0,0.0,0.0,0.0,0.0,0.0,0.0,0.0,0.0,0.0,0.0,0.0,0.0,0.0,0.0,0.0,0.0,0.0,0.0,0.0,0.0,64.53898431208574,56.99867818018774,63.690845674436474,75.63101238541785,65.89759052165667,0.0,0.0
804,804,0.0,0.0,0.0,0.0,0.0,0.0,0.0,0.0,0.0,0.0,0.0,0.0,0.0,0.0,0.0,0.0,0.0,0.0,0.0,0.0,0.0,0.0,0.0,0.0,0.0,85.55073298049777,66.74339900950139,55.06782759381446,66.09521581295682,58.539957513740184,0.0,0.0
805,805,0.0,0.0,0.0,0.0,0.0,0.0,0.0,0.0,0.0,0.0,0.0,0.0,0.0,0.0,0.0,0.0,0.0,0.0,0.0,0.0,0.0,0.0,0.0,0.0,0.0,64.32851533722263,66.70975803456624,60.66021421224761,65.27421921063821,80.19677433079096,0.0,0.0
806,806,0.0,0.0,0.0,0.0,0.0,0.0,0.0,0.0,0.0,0.0,0.0,0.0,0.0,0.0,0.0,0.0,0.0,0.0,0.0,0.0,0.0,0.0,0.0,0.0,0.0,60.703747502711195,58.72061512270562,55.67860380201261,60.804980783492674,63.7567540477571,0.0,0.0
807,807,0.0,0.0,0.0,0.0,0.0,0.0,0.0,0.0,0.0,0.0,0.0,0.0,0.0,0.0,0.0,0.0,0.0,0.0,0.0,0.0,0.0,0.0,0.0,0.0,0.0,60.52126831738516,57.59618372008107,54.564388404607186,64.45558046123676,59.30105347006185,0.0,0.0
808,808,0.0,0.0,0.0,0.0,0.0,0.0,0.0,0.0,0.0,0.0,0.0,0.0,0.0,0.0,0.0,0.0,0.0,0.0,0.0,0.0,0.0,0.0,0.0,0.0,0.0,71.83102888831822,58.20876709843843,55.483851291360864,61.23108514079884,46.72148831067391,0.0,0.0
809,809,0.0,0.0,0.0,0.0,0.0,0.0,0.0,0.0,0.0,0.0,0.0,0.0,0.0,0.0,0.0,0.0,0.0,0.0,0.0,0.0,0.0,0.0,0.0,0.0,0.0,65.11353776618424,61.95570307461794,61.26468977975933,73.19594827502154,65.02985872661438,0.0,0.0
810,810,0.0,0.0,0.0,0.0,0.0,0.0,0.0,0.0,0.0,0.0,0.0,0.0,0.0,0.0,0.0,0.0,0.0,0.0,0.0,0.0,0.0,0.0,0.0,0.0,0.0,58.1174002046096,51.98498141817504,65.51259079436673,67.99510539225557,80.06013595628295,0.0,0.0
811,811,0.0,0.0,0.0,0.0,0.0,0.0,0.0,0.0,0.0,0.0,0.0,0.0,0.0,0.0,0.0,0.0,0.0,0.0,0.0,0.0,0.0,0.0,0.0,0.0,0.0,74.49432626008739,56.2539049264048,73.13490017858803,64.81129272314826,42.34609357571337,0.0,0.0
812,812,0.0,0.0,0.0,0.0,0.0,0.0,0.0,0.0,0.0,0.0,0.0,0.0,0.0,0.0,0.0,0.0,0.0,0.0,0.0,0.0,0.0,0.0,0.0,0.0,0.0,52.49979222829671,60.33050511831064,43.550843871396836,65.50168997859741,52.700114645646565,0.0,0.0
813,813,0.0,0.0,0.0,0.0,0.0,0.0,0.0,0.0,0.0,0.0,0.0,0.0,0.0,0.0,0.0,0.0,0.0,0.0,0.0,0.0,0.0,0.0,0.0,0.0,0.0,64.58496689274965,55.82146610324426,43.07852631290471,75.39462185327555,56.90558366385307,0.0,0.0
814,814,0.0,0.0,0.0,0.0,0.0,0.0,0.0,0.0,0.0,0.0,0.0,0.0,0.0,0.0,0.0,0.0,0.0,0.0,0.0,0.0,0.0,0.0,0.0,0.0,0.0,64.03737052702036,46.154827929935905,69.22155430381419,72.23390889149906,72.00845374422423,0.0,0.0
815,815,0.0,0.0,0.0,0.0,0.0,0.0,0.0,0.0,0.0,0.0,0.0,0.0,0.0,0.0,0.0,0.0,0.0,0.0,0.0,0.0,0.0,0.0,0.0,0.0,0.0,70.21237578246739,53.50185777678039,63.98468330727751,74.1790798128467,53.094734167260924,0.0,0.0
816,816,0.0,0.0,0.0,0.0,0.0,0.0,0.0,0.0,0.0,0.0,0.0,0.0,0.0,0.0,0.0,0.0,0.0,0.0,0.0,0.0,0.0,0.0,0.0,0.0,0.0,65.37220674910347,55.571796723444166,55.718521353089486,54.3757820273612,74.66833866311492,0.0,0.0
817,817,0.0,0.0,0.0,0.0,0.0,0.0,0.0,0.0,0.0,0.0,0.0,0.0,0.0,0.0,0.0,0.0,0.0,0.0,0.0,0.0,0.0,0.0,0.0,0.0,0.0,64.23818991067256,57.969630329957724,49.90858549012087,66.10308264092691,58.88115063418784,0.0,0.0
818,818,0.0,0.0,0.0,0.0,0.0,0.0,0.0,0.0,0.0,0.0,0.0,0.0,0.0,0.0,0.0,0.0,0.0,0.0,0.0,0.0,0.0,0.0,0.0,0.0,0.0,66.1073008914576,69.26056428954546,58.30601785208852,70.24705226907602,69.08406380445132,0.0,0.0
819,819,0.0,0.0,0.0,0.0,0.0,0.0,0.0,0.0,0.0,0.0,0.0,0.0,0.0,0.0,0.0,0.0,0.0,0.0,0.0,0.0,0.0,0.0,0.0,0.0,0.0,60.61776470330302,63.73834833924009,61.278290358121225,65.08892524608873,75.94614361609258,0.0,0.0
820,820,0.0,0.0,0.0,0.0,0.0,0.0,0.0,0.0,0.0,0.0,0.0,0.0,0.0,0.0,0.0,0.0,0.0,0.0,0.0,0.0,0.0,0.0,0.0,0.0,0.0,62.036092698735175,77.10244401316206,57.5188456580201,66.97697962686922,61.03277166828366,0.0,0.0
821,821,0.0,0.0,0.0,0.0,0.0,0.0,0.0,0.0,0.0,0.0,0.0,0.0,0.0,0.0,0.0,0.0,0.0,0.0,0.0,0.0,0.0,0.0,0.0,0.0,0.0,66.85474220624302,63.930168488442575,58.47797152034924,65.44001649880333,66.48432841113932,0.0,0.0
822,822,0.0,0.0,0.0,0.0,0.0,0.0,0.0,0.0,0.0,0.0,0.0,0.0,0.0,0.0,0.0,0.0,0.0,0.0,0.0,0.0,0.0,0.0,0.0,0.0,0.0,66.88437833876182,48.792477595155226,54.85199553417017,81.2121356182085,49.61081605634075,0.0,0.0
823,823,0.0,0.0,0.0,0.0,0.0,0.0,0.0,0.0,0.0,0.0,0.0,0.0,0.0,0.0,0.0,0.0,0.0,0.0,0.0,0.0,0.0,0.0,0.0,0.0,0.0,49.811623970873235,59.6457902224469,58.40447527892755,72.5280776669054,70.57091571982426,0.0,0.0
824,824,0.0,0.0,0.0,0.0,0.0,0.0,0.0,0.0,0.0,0.0,0.0,0.0,0.0,0.0,0.0,0.0,0.0,0.0,0.0,0.0,0.0,0.0,0.0,0.0,0.0,47.07766945080519,49.47701221213776,58.54600984174209,64.94535818402697,70.45663732238289,0.0,0.0
825,825,0.0,0.0,0.0,0.0,0.0,0.0,0.0,0.0,0.0,0.0,0.0,0.0,0.0,0.0,0.0,0.0,0.0,0.0,0.0,0.0,0.0,0.0,0.0,0.0,0.0,57.09845937588676,53.53206837863941,52.99984768283912,67.86474328253598,66.92966820456186,0.0,0.0
826,826,0.0,0.0,0.0,0.0,0.0,0.0,0.0,0.0,0.0,0.0,0.0,0.0,0.0,0.0,0.0,0.0,0.0,0.0,0.0,0.0,0.0,0.0,0.0,0.0,0.0,61.88781036287446,78.26051695718292,64.31789093363385,74.93514714255528,67.94418212843603,0.0,0.0
827,827,0.0,0.0,0.0,0.0,0.0,0.0,0.0,0.0,0.0,0.0,0.0,0.0,0.0,0.0,0.0,0.0,0.0,0.0,0.0,0.0,0.0,0.0,0.0,0.0,0.0,52.65763947384332,63.155853934877406,64.68241477634861,74.54373137496397,58.067402795536346,0.0,0.0
828,828,0.0,0.0,0.0,0.0,0.0,0.0,0.0,0.0,0.0,0.0,0.0,0.0,0.0,0.0,0.0,0.0,0.0,0.0,0.0,0.0,0.0,0.0,0.0,0.0,0.0,59.54400871770302,61.07906377504064,56.216423935043764,76.73021137866162,70.05785360529076,0.0,0.0
829,829,0.0,0.0,0.0,0.0,0.0,0.0,0.0,0.0,0.0,0.0,0.0,0.0,0.0,0.0,0.0,0.0,0.0,0.0,0.0,0.0,0.0,0.0,0.0,0.0,0.0,53.32804524289768,53.83941971867078,52.215454302180284,66.80175009187585,69.47819300098496,0.0,0.0
830,830,0.0,0.0,0.0,0.0,0.0,0.0,0.0,0.0,0.0,0.0,0.0,0.0,0.0,0.0,0.0,0.0,0.0,0.0,0.0,0.0,0.0,0.0,0.0,0.0,0.0,63.67055683220877,57.80877795282266,44.56168660984086,77.40407255394449,69.85748030379122,0.0,0.0
831,831,0.0,0.0,0.0,0.0,0.0,0.0,0.0,0.0,0.0,0.0,0.0,0.0,0.0,0.0,0.0,0.0,0.0,0.0,0.0,0.0,0.0,0.0,0.0,0.0,0.0,49.9070597585447,51.219442010153614,60.426319723707245,70.76933420274904,63.08717094786661,0.0,0.0
832,832,0.0,0.0,0.0,0.0,0.0,0.0,0.0,0.0,0.0,0.0,0.0,0.0,0.0,0.0,0.0,0.0,0.0,0.0,0.0,0.0,0.0,0.0,0.0,0.0,0.0,54.534565921970625,66.01443110412953,51.65543188733449,68.70821980662377,75.62675746197296,0.0,0.0
833,833,0.0,0.0,0.0,0.0,0.0,0.0,0.0,0.0,0.0,0.0,0.0,0.0,0.0,0.0,0.0,0.0,0.0,0.0,0.0,0.0,0.0,0.0,0.0,0.0,0.0,69.72323154925225,61.65779242860561,52.26147104663032,66.93480027393909,55.61912291888318,0.0,0.0
834,834,0.0,0.0,0.0,0.0,0.0,0.0,0.0,0.0,0.0,0.0,0.0,0.0,0.0,0.0,0.0,0.0,0.0,0.0,0.0,0.0,0.0,0.0,0.0,0.0,0.0,63.90595061976733,45.497339286643964,59.608802838375134,88.76307381668056,54.0201401233935,0.0,0.0
835,835,0.0,0.0,0.0,0.0,0.0,0.0,0.0,0.0,0.0,0.0,0.0,0.0,0.0,0.0,0.0,0.0,0.0,0.0,0.0,0.0,0.0,0.0,0.0,0.0,0.0,39.51378535702747,59.40806285682355,38.11814347632289,70.4041574647716,70.0324963083649,0.0,0.0
836,836,0.0,0.0,0.0,0.0,0.0,0.0,0.0,0.0,0.0,0.0,0.0,0.0,0.0,0.0,0.0,0.0,0.0,0.0,0.0,0.0,0.0,0.0,0.0,0.0,0.0,60.93094295336438,50.25981925322549,53.74205874806351,70.27741527953707,83.32135080377915,0.0,0.0
837,837,0.0,0.0,0.0,0.0,0.0,0.0,0.0,0.0,0.0,0.0,0.0,0.0,0.0,0.0,0.0,0.0,0.0,0.0,0.0,0.0,0.0,0.0,0.0,0.0,0.0,43.00546734630984,54.844321184461286,40.97308921640848,51.820163711991455,72.49027024952973,0.0,0.0
838,838,0.0,0.0,0.0,0.0,0.0,0.0,0.0,0.0,0.0,0.0,0.0,0.0,0.0,0.0,0.0,0.0,0.0,0.0,0.0,0.0,0.0,0.0,0.0,0.0,0.0,52.30318892997613,42.042507430778876,55.30406011693737,67.05906304225036,70.02824196942613,0.0,0.0
839,839,0.0,0.0,0.0,0.0,0.0,0.0,0.0,0.0,0.0,0.0,0.0,0.0,0.0,0.0,0.0,0.0,0.0,0.0,0.0,0.0,0.0,0.0,0.0,0.0,0.0,37.14827392702146,56.759482052307476,52.81850653194839,70.61727741515442,72.9868933489888,0.0,0.0
840,840,0.0,0.0,0.0,0.0,0.0,0.0,0.0,0.0,0.0,0.0,0.0,0.0,0.0,0.0,0.0,0.0,0.0,0.0,0.0,0.0,0.0,0.0,0.0,0.0,0.0,57.09013889416694,60.16442996821378,54.769099367824296,76.78214450223005,81.58267136906142,0.0,0.0
841,841,0.0,0.0,0.0,0.0,0.0,0.0,0.0,0.0,0.0,0.0,0.0,0.0,0.0,0.0,0.0,0.0,0.0,0.0,0.0,0.0,0.0,0.0,0.0,0.0,0.0,0.0,54.09700137885567,60.77020211925369,79.47271253409863,74.61499771789374,0.0,0.0
842,842,0.0,0.0,0.0,0.0,0.0,0.0,0.0,0.0,0.0,0.0,0.0,0.0,0.0,0.0,0.0,0.0,0.0,0.0,0.0,0.0,0.0,0.0,0.0,0.0,0.0,0.0,38.052747027961104,65.51545696217738,98.04915454878824,74.41602024231746,0.0,0.0
843,843,0.0,0.0,0.0,0.0,0.0,0.0,0.0,0.0,0.0,0.0,0.0,0.0,0.0,0.0,0.0,0.0,0.0,0.0,0.0,0.0,0.0,0.0,0.0,0.0,0.0,0.0,56.85911982647088,41.0552520084701,62.909757963286026,82.58763575842607,0.0,0.0
844,844,0.0,0.0,0.0,0.0,0.0,0.0,0.0,0.0,0.0,0.0,0.0,0.0,0.0,0.0,0.0,0.0,0.0,0.0,0.0,0.0,0.0,0.0,0.0,0.0,0.0,0.0,63.82502759241332,61.66925938226133,81.8621668832547,60.89819824280975,0.0,0.0
845,845,0.0,0.0,0.0,0.0,0.0,0.0,0.0,0.0,0.0,0.0,0.0,0.0,0.0,0.0,0.0,0.0,0.0,0.0,0.0,0.0,0.0,0.0,0.0,0.0,0.0,0.0,54.71227699082831,44.926684674569906,74.27716280357924,62.04516790712327,0.0,0.0
846,846,0.0,0.0,0.0,0.0,0.0,0.0,0.0,0.0,0.0,0.0,0.0,0.0,0.0,0.0,0.0,0.0,0.0,0.0,0.0,0.0,0.0,0.0,0.0,0.0,0.0,0.0,0.0,47.61870323886923,65.69517528729749,75.09637572808988,0.0,0.0
847,847,0.0,0.0,0.0,0.0,0.0,0.0,0.0,0.0,0.0,0.0,0.0,0.0,0.0,0.0,0.0,0.0,0.0,0.0,0.0,0.0,0.0,0.0,0.0,0.0,0.0,0.0,0.0,52.65760025120349,68.08485430750194,79.82546857063511,0.0,0.0
848,848,0.0,0.0,0.0,0.0,0.0,0.0,0.0,0.0,0.0,0.0,0.0,0.0,0.0,0.0,0.0,0.0,0.0,0.0,0.0,0.0,0.0,0.0,0.0,0.0,0.0,0.0,0.0,61.27691262922622,68.52558414193933,57.33514054771076,0.0,0.0
849,849,0.0,0.0,0.0,0.0,0.0,0.0,0.0,0.0,0.0,0.0,0.0,0.0,0.0,0.0,0.0,0.0,0.0,0.0,0.0,0.0,0.0,0.0,0.0,0.0,0.0,0.0,0.0,55.51443383792862,75.70552607134304,53.32670548128402,0.0,0.0
850,850,0.0,0.0,0.0,0.0,0.0,0.0,0.0,0.0,0.0,0.0,0.0,0.0,0.0,0.0,0.0,0.0,0.0,0.0,0.0,0.0,0.0,0.0,0.0,0.0,0.0,0.0,0.0,52.87910775435433,67.08406702149327,76.63538447653153,0.0,0.0
851,851,0.0,0.0,0.0,0.0,0.0,0.0,0.0,0.0,0.0,0.0,0.0,0.0,0.0,0.0,0.0,0.0,0.0,0.0,0.0,0.0,0.0,0.0,0.0,0.0,0.0,0.0,0.0,42.53100457470648,69.99490485413082,77.91456759102925,0.0,0.0
852,852,0.0,0.0,0.0,0.0,0.0,0.0,0.0,0.0,0.0,0.0,0.0,0.0,0.0,0.0,0.0,0.0,0.0,0.0,0.0,0.0,0.0,0.0,0.0,0.0,0.0,0.0,0.0,0.0,83.04463912713697,77.00551983963942,0.0,0.0
853,853,0.0,0.0,0.0,0.0,0.0,0.0,0.0,0.0,0.0,0.0,0.0,0.0,0.0,0.0,0.0,0.0,0.0,0.0,0.0,0.0,0.0,0.0,0.0,0.0,0.0,0.0,0.0,0.0,93.23313467183104,77.10711280636542,0.0,0.0
854,854,0.0,0.0,0.0,0.0,0.0,0.0,0.0,0.0,0.0,0.0,0.0,0.0,0.0,0.0,0.0,0.0,0.0,0.0,0.0,0.0,0.0,0.0,0.0,0.0,0.0,0.0,0.0,0.0,75.25663879234466,75.12692118256672,0.0,0.0
855,855,0.0,0.0,0.0,0.0,0.0,0.0,0.0,0.0,0.0,0.0,0.0,0.0,0.0,0.0,0.0,0.0,0.0,0.0,0.0,0.0,0.0,0.0,0.0,0.0,0.0,0.0,0.0,0.0,75.9463816730669,71.0833114099874,0.0,0.0
856,856,0.0,0.0,0.0,0.0,0.0,0.0,0.0,0.0,0.0,0.0,0.0,0.0,0.0,0.0,0.0,0.0,0.0,0.0,0.0,0.0,0.0,0.0,0.0,0.0,0.0,0.0,0.0,0.0,90.69948102736208,63.14048237785183,0.0,0.0
857,857,0.0,0.0,0.0,0.0,0.0,0.0,0.0,0.0,0.0,0.0,0.0,0.0,0.0,0.0,0.0,0.0,0.0,0.0,0.0,0.0,0.0,0.0,0.0,0.0,0.0,0.0,0.0,0.0,80.53125201529684,72.33667661368001,0.0,0.0
858,858,0.0,0.0,0.0,0.0,0.0,0.0,0.0,0.0,0.0,0.0,0.0,0.0,0.0,0.0,0.0,0.0,0.0,0.0,0.0,0.0,0.0,0.0,0.0,0.0,0.0,0.0,0.0,0.0,72.94597056945398,90.39271485548355,0.0,0.0
859,859,0.0,0.0,0.0,0.0,0.0,0.0,0.0,0.0,0.0,0.0,0.0,0.0,0.0,0.0,0.0,0.0,0.0,0.0,0.0,0.0,0.0,0.0,0.0,0.0,0.0,0.0,0.0,0.0,63.56154934173787,75.84637041786166,0.0,0.0
860,860,0.0,0.0,0.0,0.0,0.0,0.0,0.0,0.0,0.0,0.0,0.0,0.0,0.0,0.0,0.0,0.0,0.0,0.0,0.0,0.0,0.0,0.0,0.0,0.0,0.0,0.0,0.0,0.0,76.50376373325216,70.17708876254493,0.0,0.0
861,861,0.0,0.0,0.0,0.0,0.0,0.0,0.0,0.0,0.0,0.0,0.0,0.0,0.0,0.0,0.0,0.0,0.0,0.0,0.0,0.0,0.0,0.0,0.0,0.0,0.0,0.0,0.0,0.0,70.97338671575602,87.26245695463194,0.0,0.0
862,862,0.0,0.0,0.0,0.0,0.0,0.0,0.0,0.0,0.0,0.0,0.0,0.0,0.0,0.0,0.0,0.0,0.0,0.0,0.0,0.0,0.0,0.0,0.0,0.0,0.0,0.0,0.0,0.0,91.177181829181,72.79576763240442,49.121234656723026,0.0
863,863,0.0,0.0,0.0,0.0,0.0,0.0,0.0,0.0,0.0,0.0,0.0,0.0,0.0,0.0,0.0,0.0,0.0,0.0,0.0,0.0,0.0,0.0,0.0,0.0,0.0,0.0,0.0,0.0,76.86566712438803,87.9458890009461,62.3828534109235,0.0
864,864,0.0,0.0,0.0,0.0,0.0,0.0,0.0,0.0,0.0,0.0,0.0,0.0,0.0,0.0,0.0,0.0,0.0,0.0,0.0,0.0,0.0,0.0,0.0,0.0,0.0,0.0,0.0,0.0,71.70890663443237,75.19906463407182,57.448692497374154,0.0
865,865,0.0,0.0,0.0,0.0,0.0,0.0,0.0,0.0,0.0,0.0,0.0,0.0,0.0,0.0,0.0,0.0,0.0,0.0,0.0,0.0,0.0,0.0,0.0,0.0,0.0,0.0,0.0,0.0,88.08248876332073,90.05936650094635,47.18711252905099,0.0
866,866,0.0,0.0,0.0,0.0,0.0,0.0,0.0,0.0,0.0,0.0,0.0,0.0,0.0,0.0,0.0,0.0,0.0,0.0,0.0,0.0,0.0,0.0,0.0,0.0,0.0,0.0,0.0,0.0,77.19004949029197,87.18825867242207,57.449260066353865,0.0
867,867,0.0,0.0,0.0,0.0,0.0,0.0,0.0,0.0,0.0,0.0,0.0,0.0,0.0,0.0,0.0,0.0,0.0,0.0,0.0,0.0,0.0,0.0,0.0,0.0,0.0,0.0,0.0,0.0,80.70019934815849,77.78814960812137,46.36311730240982,0.0
868,868,0.0,0.0,0.0,0.0,0.0,0.0,0.0,0.0,0.0,0.0,0.0,0.0,0.0,0.0,0.0,0.0,0.0,0.0,0.0,0.0,0.0,0.0,0.0,0.0,0.0,0.0,0.0,0.0,64.8980216932496,86.57503912233685,58.513503408428974,0.0
869,869,0.0,0.0,0.0,0.0,0.0,0.0,0.0,0.0,0.0,0.0,0.0,0.0,0.0,0.0,0.0,0.0,0.0,0.0,0.0,0.0,0.0,0.0,0.0,0.0,0.0,0.0,0.0,0.0,75.02262820746233,86.70823912163195,53.501484992300526,0.0
870,870,0.0,0.0,0.0,0.0,0.0,0.0,0.0,0.0,0.0,0.0,0.0,0.0,0.0,0.0,0.0,0.0,0.0,0.0,0.0,0.0,0.0,0.0,0.0,0.0,0.0,0.0,0.0,0.0,70.29785280483289,85.21958811556465,38.39034535276707,0.0
871,871,0.0,0.0,0.0,0.0,0.0,0.0,0.0,0.0,0.0,0.0,0.0,0.0,0.0,0.0,0.0,0.0,0.0,0.0,0.0,0.0,0.0,0.0,0.0,0.0,0.0,0.0,0.0,0.0,74.05834628168111,75.77706371530459,55.28982516857405,0.0
872,872,0.0,0.0,0.0,0.0,0.0,0.0,0.0,0.0,0.0,0.0,0.0,0.0,0.0,0.0,0.0,0.0,0.0,0.0,0.0,0.0,0.0,0.0,0.0,0.0,0.0,0.0,0.0,0.0,81.133310038665,80.03288983778218,61.70857799750996,0.0
873,873,0.0,0.0,0.0,0.0,0.0,0.0,0.0,0.0,0.0,0.0,0.0,0.0,0.0,0.0,0.0,0.0,0.0,0.0,0.0,0.0,0.0,0.0,0.0,0.0,0.0,0.0,0.0,0.0,71.09771487025087,82.36150188684894,67.41732639542579,0.0
874,874,0.0,0.0,0.0,0.0,0.0,0.0,0.0,0.0,0.0,0.0,0.0,0.0,0.0,0.0,0.0,0.0,0.0,0.0,0.0,0.0,0.0,0.0,0.0,0.0,0.0,0.0,0.0,0.0,93.94843857404739,77.51773656246024,59.554833826986695,0.0
875,875,0.0,0.0,0.0,0.0,0.0,0.0,0.0,0.0,0.0,0.0,0.0,0.0,0.0,0.0,0.0,0.0,0.0,0.0,0.0,0.0,0.0,0.0,0.0,0.0,0.0,0.0,0.0,0.0,67.6944828211349,89.77814744096557,46.1439013733409,0.0
876,876,0.0,0.0,0.0,0.0,0.0,0.0,0.0,0.0,0.0,0.0,0.0,0.0,0.0,0.0,0.0,0.0,0.0,0.0,0.0,0.0,0.0,0.0,0.0,0.0,0.0,0.0,0.0,0.0,72.04693573386842,75.08178748817345,59.930056472603525,0.0
877,877,0.0,0.0,0.0,0.0,0.0,0.0,0.0,0.0,0.0,0.0,0.0,0.0,0.0,0.0,0.0,0.0,0.0,0.0,0.0,0.0,0.0,0.0,0.0,0.0,0.0,0.0,0.0,0.0,79.99901476802884,82.91814975894462,45.775085224162716,0.0
878,878,0.0,0.0,0.0,0.0,0.0,0.0,0.0,0.0,0.0,0.0,0.0,0.0,0.0,0.0,0.0,0.0,0.0,0.0,0.0,0.0,0.0,0.0,0.0,0.0,0.0,0.0,0.0,0.0,78.33516451762225,85.92920040560944,65.7266426457397,0.0
879,879,0.0,0.0,0.0,0.0,0.0,0.0,0.0,0.0,0.0,0.0,0.0,0.0,0.0,0.0,0.0,0.0,0.0,0.0,0.0,0.0,0.0,0.0,0.0,0.0,0.0,0.0,0.0,0.0,66.04165351689288,79.67376982451103,67.64779585420816,0.0
880,880,0.0,0.0,0.0,0.0,0.0,0.0,0.0,0.0,0.0,0.0,0.0,0.0,0.0,0.0,0.0,0.0,0.0,0.0,0.0,0.0,0.0,0.0,0.0,0.0,0.0,0.0,0.0,0.0,76.81709191037797,83.33251906363198,72.21185271567535,0.0
881,881,0.0,0.0,0.0,0.0,0.0,0.0,0.0,0.0,0.0,0.0,0.0,0.0,0.0,0.0,0.0,0.0,0.0,0.0,0.0,0.0,0.0,0.0,0.0,0.0,0.0,0.0,0.0,0.0,72.27049538976415,66.14762548447786,42.42126428121291,0.0
882,882,0.0,0.0,0.0,0.0,0.0,0.0,0.0,0.0,0.0,0.0,0.0,0.0,0.0,0.0,0.0,0.0,0.0,0.0,0.0,0.0,0.0,0.0,0.0,0.0,0.0,0.0,0.0,0.0,75.76367752718068,76.85486677448282,50.74245817615881,0.0
883,883,0.0,0.0,0.0,0.0,0.0,0.0,0.0,0.0,0.0,0.0,0.0,0.0,0.0,0.0,0.0,0.0,0.0,0.0,0.0,0.0,0.0,0.0,0.0,0.0,0.0,0.0,0.0,0.0,61.36997253049366,95.46478675235889,54.74965350683621,0.0
884,884,0.0,0.0,0.0,0.0,0.0,0.0,0.0,0.0,0.0,0.0,0.0,0.0,0.0,0.0,0.0,0.0,0.0,0.0,0.0,0.0,0.0,0.0,0.0,0.0,0.0,0.0,0.0,0.0,53.93192800416827,69.79643963175174,60.26470724645793,0.0
885,885,0.0,0.0,0.0,0.0,0.0,0.0,0.0,0.0,0.0,0.0,0.0,0.0,0.0,0.0,0.0,0.0,0.0,0.0,0.0,0.0,0.0,0.0,0.0,0.0,0.0,0.0,0.0,0.0,89.30268639213637,80.63664961700003,63.495297833998606,0.0
886,886,0.0,0.0,0.0,0.0,0.0,0.0,0.0,0.0,0.0,0.0,0.0,0.0,0.0,0.0,0.0,0.0,0.0,0.0,0.0,0.0,0.0,0.0,0.0,0.0,0.0,0.0,0.0,0.0,66.87919937332211,88.33235951733819,80.51208128281502,0.0
887,887,0.0,0.0,0.0,0.0,0.0,0.0,0.0,0.0,0.0,0.0,0.0,0.0,0.0,0.0,0.0,0.0,0.0,0.0,0.0,0.0,0.0,0.0,0.0,0.0,0.0,0.0,0.0,0.0,54.99175114312248,79.17076678943201,55.66831937838496,0.0
888,888,0.0,0.0,0.0,0.0,0.0,0.0,0.0,0.0,0.0,0.0,0.0,0.0,0.0,0.0,0.0,0.0,0.0,0.0,0.0,0.0,0.0,0.0,0.0,0.0,0.0,0.0,0.0,0.0,65.23500717808447,94.92676326237843,57.63088319741678,0.0
889,889,0.0,0.0,0.0,0.0,0.0,0.0,0.0,0.0,0.0,0.0,0.0,0.0,0.0,0.0,0.0,0.0,0.0,0.0,0.0,0.0,0.0,0.0,0.0,0.0,0.0,0.0,0.0,0.0,69.40891713983532,92.17237551745663,62.16852027765221,0.0
890,890,0.0,0.0,0.0,0.0,0.0,0.0,0.0,0.0,0.0,0.0,0.0,0.0,0.0,0.0,0.0,0.0,0.0,0.0,0.0,0.0,0.0,0.0,0.0,0.0,0.0,0.0,0.0,0.0,74.14488930652506,77.66105267664393,63.845834117827096,0.0
891,891,0.0,0.0,0.0,0.0,0.0,0.0,0.0,0.0,0.0,0.0,0.0,0.0,0.0,0.0,0.0,0.0,0.0,0.0,0.0,0.0,0.0,0.0,0.0,0.0,0.0,0.0,0.0,0.0,56.91282024769462,67.39398102184381,60.97745186648133,0.0
892,892,0.0,0.0,0.0,0.0,0.0,0.0,0.0,0.0,0.0,0.0,0.0,0.0,0.0,0.0,0.0,0.0,0.0,0.0,0.0,0.0,0.0,0.0,0.0,0.0,0.0,0.0,0.0,0.0,74.28392860297929,86.76192415286246,76.7152913545001,0.0
893,893,0.0,0.0,0.0,0.0,0.0,0.0,0.0,0.0,0.0,0.0,0.0,0.0,0.0,0.0,0.0,0.0,0.0,0.0,0.0,0.0,0.0,0.0,0.0,0.0,0.0,0.0,0.0,0.0,50.72771264662891,75.87561920873584,63.66109403304789,0.0
894,894,0.0,0.0,0.0,0.0,0.0,0.0,0.0,0.0,0.0,0.0,0.0,0.0,0.0,0.0,0.0,0.0,0.0,0.0,0.0,0.0,0.0,0.0,0.0,0.0,0.0,0.0,0.0,0.0,66.03233120220773,79.82408586139128,68.51256095962975,0.0
895,895,0.0,0.0,0.0,0.0,0.0,0.0,0.0,0.0,0.0,0.0,0.0,0.0,0.0,0.0,0.0,0.0,0.0,0.0,0.0,0.0,0.0,0.0,0.0,0.0,0.0,0.0,0.0,0.0,70.43162082110646,83.55735746507858,67.29826846615778,0.0
896,896,0.0,0.0,0.0,0.0,0.0,0.0,0.0,0.0,0.0,0.0,0.0,0.0,0.0,0.0,0.0,0.0,0.0,0.0,0.0,0.0,0.0,0.0,0.0,0.0,0.0,0.0,0.0,0.0,60.21956210010697,78.41542448041861,60.618177561294885,0.0
897,897,0.0,0.0,0.0,0.0,0.0,0.0,0.0,0.0,0.0,0.0,0.0,0.0,0.0,0.0,0.0,0.0,0.0,0.0,0.0,0.0,0.0,0.0,0.0,0.0,0.0,0.0,0.0,0.0,68.02763409987749,73.56924180118801,57.75095298495247,52.05866301822829
898,898,0.0,0.0,0.0,0.0,0.0,0.0,0.0,0.0,0.0,0.0,0.0,0.0,0.0,0.0,0.0,0.0,0.0,0.0,0.0,0.0,0.0,0.0,0.0,0.0,0.0,0.0,0.0,0.0,69.25850295130644,90.52852574356478,59.708789984485584,49.45725327458864
899,899,0.0,0.0,0.0,0.0,0.0,0.0,0.0,0.0,0.0,0.0,0.0,0.0,0.0,0.0,0.0,0.0,0.0,0.0,0.0,0.0,0.0,0.0,0.0,0.0,0.0,0.0,0.0,0.0,66.9245594214505,80.32749561834412,77.04651330194243,48.592797962033984
